4
1000000
2000000
3000000
4000000
5000000
6000000
7000000
8000000
9000000
10000000
11000000
12000000
13000000
14000000
15000000
16000000
17000000
18000000
19000000
20000000
21000000
22000000
23000000
24000000
895989
895856
896033
896035
6185764
6184914
6181066
6183758
VRF 3.51873200828
max-edges 6185764
min-edges 6181066
avg-edges 6183875
max-vertices 896035
min-vertices 895856
avg-vertices 895978
LRSD 0.00028646127632
VLRSD 2.64725425883
time 109.370312929
9
1000000
2000000
3000000
4000000
5000000
6000000
7000000
8000000
9000000
10000000
11000000
12000000
13000000
14000000
15000000
16000000
17000000
18000000
19000000
20000000
21000000
22000000
23000000
24000000
895989
895856
896033
896035
6185764
6184914
6181066
6183758
VRF 3.51873200828
max-edges 6185764
min-edges 6181066
avg-edges 6183875
max-vertices 896035
min-vertices 895856
avg-vertices 895978
LRSD 0.00028646127632
VLRSD 2.64725425883
time 106.420109034
16
1000000
2000000
3000000
4000000
5000000
6000000
7000000
8000000
9000000
10000000
11000000
12000000
13000000
14000000
15000000
16000000
17000000
18000000
19000000
20000000
21000000
22000000
23000000
24000000
895989
895856
896033
896035
6185764
6184914
6181066
6183758
VRF 3.51873200828
max-edges 6185764
min-edges 6181066
avg-edges 6183875
max-vertices 896035
min-vertices 895856
avg-vertices 895978
LRSD 0.00028646127632
VLRSD 2.64725425883
time 95.9229238033
36
1000000
2000000
3000000
4000000
5000000
6000000
7000000
8000000
9000000
10000000
11000000
12000000
13000000
14000000
15000000
16000000
17000000
18000000
19000000
20000000
21000000
22000000
23000000
24000000
895989
895856
896033
896035
6185764
6184914
6181066
6183758
VRF 3.51873200828
max-edges 6185764
min-edges 6181066
avg-edges 6183875
max-vertices 896035
min-vertices 895856
avg-vertices 895978
LRSD 0.00028646127632
VLRSD 2.64725425883
time 95.6024639606
64
1000000
2000000
3000000
4000000
5000000
6000000
7000000
8000000
9000000
10000000
11000000
12000000
13000000
14000000
15000000
16000000
17000000
18000000
19000000
20000000
21000000
22000000
23000000
24000000
895989
895856
896033
896035
6185764
6184914
6181066
6183758
VRF 3.51873200828
max-edges 6185764
min-edges 6181066
avg-edges 6183875
max-vertices 896035
min-vertices 895856
avg-vertices 895978
LRSD 0.00028646127632
VLRSD 2.64725425883
time 88.7431440353
100
1000000
2000000
3000000
4000000
5000000
6000000
7000000
8000000
9000000
10000000
11000000
12000000
13000000
14000000
15000000
16000000
17000000
18000000
19000000
20000000
21000000
22000000
23000000
24000000
895989
895856
896033
896035
6185764
6184914
6181066
6183758
VRF 3.51873200828
max-edges 6185764
min-edges 6181066
avg-edges 6183875
max-vertices 896035
min-vertices 895856
avg-vertices 895978
LRSD 0.00028646127632
VLRSD 2.64725425883
time 91.3691940308
144
1000000
2000000
3000000
4000000
5000000
6000000
7000000
8000000
9000000
10000000
11000000
12000000
13000000
14000000
15000000
16000000
17000000
18000000
19000000
20000000
21000000
22000000
23000000
24000000
895989
895856
896033
896035
6185764
6184914
6181066
6183758
VRF 3.51873200828
max-edges 6185764
min-edges 6181066
avg-edges 6183875
max-vertices 896035
min-vertices 895856
avg-vertices 895978
LRSD 0.00028646127632
VLRSD 2.64725425883
time 90.8035209179
196
1000000
2000000
3000000
4000000
5000000
6000000
7000000
8000000
9000000
10000000
11000000
12000000
13000000
14000000
15000000
16000000
17000000
18000000
19000000
20000000
21000000
22000000
23000000
24000000
895989
895856
896033
896035
6185764
6184914
6181066
6183758
VRF 3.51873200828
max-edges 6185764
min-edges 6181066
avg-edges 6183875
max-vertices 896035
min-vertices 895856
avg-vertices 895978
LRSD 0.00028646127632
VLRSD 2.64725425883
time 94.4188389778
256
1000000
2000000
3000000
4000000
5000000
6000000
7000000
8000000
9000000
10000000
11000000
12000000
13000000
14000000
15000000
16000000
17000000
18000000
19000000
20000000
21000000
22000000
23000000
24000000
895989
895856
896033
896035
6185764
6184914
6181066
6183758
VRF 3.51873200828
max-edges 6185764
min-edges 6181066
avg-edges 6183875
max-vertices 896035
min-vertices 895856
avg-vertices 895978
LRSD 0.00028646127632
VLRSD 2.64725425883
time 97.0817229748
