1	88
1	123
1	141
1	158
1	163
1	165
1	173
1	193
1	196
1	200
2	34
2	52
2	60
2	121
2	144
2	167
2	174
2	180
2	184
2	187
2	188
2	191
2	192
3	110
3	129
3	137
3	157
3	175
3	182
3	189
3	190
3	197
3	198
4	12
4	14
4	17
4	138
4	147
4	148
4	186
4	194
4	199
5	51
5	82
5	91
5	107
5	132
5	138
5	186
5	194
5	199
6	18
6	93
6	122
6	165
6	173
6	177
6	185
6	195
6	196
6	200
7	1
7	37
7	93
7	94
7	125
7	141
7	176
7	185
7	193
7	200
8	74
8	153
8	160
8	175
8	179
8	181
8	182
8	190
8	197
8	198
9	32
9	45
9	67
9	128
9	145
9	166
9	170
9	178
10	16
10	41
10	57
10	148
10	149
10	151
10	186
10	192
10	199
11	22
11	38
11	39
11	62
11	95
11	123
11	154
11	165
11	195
11	200
12	57
12	77
12	91
12	92
12	106
12	147
12	164
12	194
12	199
13	18
13	22
13	30
13	95
13	102
13	163
13	195
13	196
13	200
14	33
14	51
14	56
14	81
14	92
14	148
14	186
14	194
14	199
15	48
15	106
15	138
15	164
15	167
15	171
15	186
15	199
16	14
16	77
16	82
16	97
16	132
16	138
16	186
16	194
16	199
17	4
17	97
17	105
17	124
17	164
17	186
17	194
17	199
18	1
18	30
18	58
18	65
18	72
18	163
18	176
18	177
18	196
19	54
19	100
19	120
19	136
19	150
19	155
19	171
19	172
19	178
20	29
20	55
20	83
20	108
20	109
20	110
20	153
20	181
20	197
20	198
21	15
21	56
21	73
21	86
21	164
21	186
21	194
21	195
21	199
22	64
22	80
22	125
22	141
22	154
22	163
22	176
22	185
22	193
22	195
23	10
23	48
23	89
23	98
23	130
23	138
23	193
23	194
23	199
24	29
24	66
24	104
24	129
24	157
24	179
24	182
24	189
24	190
24	197
24	198
25	36
25	47
25	158
25	161
25	177
25	185
25	193
25	195
25	196
25	200
26	55
26	103
26	109
26	110
26	137
26	151
26	175
26	179
26	181
26	182
26	189
26	190
26	197
26	198
27	68
27	73
27	106
27	130
27	147
27	149
27	186
27	194
27	199
28	34
28	52
28	63
28	144
28	146
28	162
28	180
28	184
28	187
28	188
28	191
28	192
29	66
29	84
29	118
29	129
29	137
29	153
29	157
29	179
29	182
29	189
29	190
29	197
29	198
30	37
30	59
30	102
30	141
30	163
30	185
30	195
30	196
30	200
31	54
31	126
31	145
31	166
31	168
31	170
31	172
31	183
32	50
32	69
32	85
32	133
32	134
32	150
32	166
32	172
32	183
33	23
33	70
33	78
33	141
33	148
33	183
33	194
33	198
33	199
34	52
34	71
34	112
34	121
34	127
34	139
34	142
34	144
34	180
34	184
34	187
34	188
34	191
34	192
35	7
35	11
35	13
35	102
35	111
35	161
35	193
35	195
35	196
35	200
36	22
36	93
36	154
36	173
36	177
36	185
36	193
36	195
36	196
36	200
37	36
37	88
37	123
37	154
37	176
37	177
37	185
37	193
37	195
37	200
38	7
38	11
38	64
38	96
38	141
38	173
38	185
38	196
38	200
39	25
39	36
39	65
39	111
39	154
39	176
39	185
39	193
39	195
39	200
40	71
40	78
40	90
40	99
40	115
40	127
40	159
40	162
40	187
40	188
40	191
40	192
41	27
41	57
41	73
41	138
41	148
41	149
41	194
41	199
42	31
42	50
42	136
42	145
42	152
42	168
42	178
42	183
43	8
43	87
43	104
43	116
43	151
43	156
43	181
43	189
43	190
43	198
44	2
44	28
44	101
44	146
44	174
44	180
44	184
44	187
44	188
44	191
44	192
45	19
45	85
45	134
45	140
45	145
45	155
45	166
45	170
45	178
45	183
46	3
46	43
46	87
46	157
46	175
46	179
46	189
46	190
46	197
46	198
47	65
47	80
47	94
47	154
47	161
47	165
47	169
47	193
47	196
47	200
48	61
48	68
48	89
48	92
48	130
48	149
48	186
48	194
48	199
49	19
49	120
49	150
49	155
49	168
49	170
49	171
49	178
49	183
50	53
50	134
50	171
50	172
50	178
50	183
50	191
51	4
51	5
51	89
51	130
51	132
51	149
51	194
51	199
52	2
52	78
52	99
52	114
52	127
52	159
52	167
52	174
52	180
52	184
52	191
52	192
53	67
53	85
53	100
53	126
53	150
53	152
53	155
53	166
53	172
53	183
54	31
54	42
54	69
54	100
54	140
54	152
54	166
54	168
54	171
54	183
55	98
55	109
55	118
55	156
55	175
55	181
55	189
55	190
55	197
55	198
56	107
56	124
56	148
56	149
56	164
56	186
56	194
56	199
57	23
57	27
57	68
57	106
57	107
57	130
57	186
57	194
57	199
58	75
58	96
58	111
58	154
58	161
58	193
58	195
58	196
58	200
59	76
59	95
59	165
59	169
59	173
59	176
59	185
59	193
59	196
59	200
60	2
60	71
60	121
60	146
60	162
60	167
60	180
60	187
60	188
60	191
60	192
61	10
61	33
61	48
61	68
61	97
61	130
61	164
61	186
61	194
61	199
62	93
62	102
62	123
62	158
62	176
62	185
62	193
62	195
62	196
62	200
63	90
63	117
63	131
63	139
63	144
63	162
63	174
63	184
63	187
63	188
63	191
63	192
64	1
64	13
64	93
64	94
64	122
64	176
64	177
64	185
64	196
64	200
65	11
65	35
65	122
65	158
65	163
65	165
65	176
65	177
65	196
65	200
66	74
66	153
66	156
66	157
66	175
66	179
66	181
66	189
66	190
66	197
66	198
67	133
67	134
67	140
67	166
67	170
67	171
67	172
67	183
68	21
68	35
68	61
68	91
68	107
68	138
68	163
68	194
68	199
69	49
69	85
69	120
69	140
69	145
69	152
69	168
69	172
69	178
69	183
70	17
70	57
70	82
70	91
70	122
70	147
70	186
70	199
71	44
71	114
71	131
71	142
71	159
71	174
71	180
71	187
71	188
71	191
71	192
72	30
72	59
72	79
72	154
72	169
72	185
72	193
72	195
72	196
72	200
73	4
73	5
73	27
73	113
73	132
73	186
73	194
73	199
74	20
74	84
74	108
74	118
74	143
74	156
74	160
74	181
74	182
74	190
74	197
74	198
75	64
75	125
75	161
75	165
75	176
75	185
75	193
75	195
75	196
75	200
76	1
76	96
76	123
76	154
76	158
76	173
76	193
76	195
76	196
76	200
77	73
77	92
77	124
77	148
77	176
77	194
77	199
78	101
78	112
78	117
78	131
78	167
78	184
78	187
78	188
78	191
78	192
79	7
79	25
79	111
79	169
79	173
79	177
79	193
79	195
79	196
79	200
80	64
80	94
80	163
80	169
80	173
80	185
80	193
80	195
80	196
80	200
81	15
81	16
81	61
81	113
81	124
81	147
81	186
81	194
81	199
82	12
82	15
82	132
82	147
82	174
82	186
82	194
82	199
83	108
83	116
83	118
83	137
83	143
83	151
83	157
83	181
83	189
83	197
83	198
84	24
84	29
84	156
84	179
84	181
84	182
84	189
84	190
84	197
84	198
85	136
85	140
85	152
85	155
85	166
85	168
85	171
85	172
85	183
86	9
86	85
86	100
86	140
86	145
86	150
86	152
86	170
86	178
86	183
87	129
87	143
87	156
87	160
87	175
87	179
87	181
87	182
87	189
87	190
87	197
87	198
88	13
88	76
88	95
88	158
88	176
88	177
88	185
88	193
88	195
88	200
89	56
89	91
89	105
89	106
89	113
89	132
89	148
89	149
89	186
89	199
90	44
90	115
90	142
90	159
90	162
90	180
90	184
90	187
90	188
90	191
90	192
91	17
91	21
91	51
91	113
91	138
91	148
91	164
91	186
91	199
92	26
92	56
92	101
92	124
92	147
92	164
92	186
92	194
92	199
93	37
93	79
93	96
93	122
93	125
93	154
93	177
93	195
93	196
93	200
94	18
94	22
94	25
94	123
94	158
94	161
94	163
94	195
94	196
94	200
95	96
95	119
95	158
95	161
95	185
95	193
95	195
95	196
95	200
96	75
96	80
96	88
96	158
96	161
96	176
96	185
96	193
96	195
96	200
97	5
97	14
97	41
97	51
97	77
97	149
97	186
97	194
97	199
98	84
98	110
98	129
98	137
98	151
98	160
98	179
98	181
98	189
98	190
98	197
98	198
99	117
99	121
99	127
99	162
99	167
99	174
99	180
99	187
99	188
99	192
100	45
100	67
100	126
100	150
100	166
100	168
100	170
100	172
100	183
101	52
101	71
101	78
101	90
101	115
101	121
101	144
101	162
101	167
101	180
101	184
101	187
101	188
101	191
101	192
102	13
102	79
102	94
102	111
102	125
102	161
102	169
102	173
102	195
102	200
103	26
103	55
103	83
103	87
103	110
103	143
103	160
103	175
103	179
103	189
103	197
103	198
104	84
104	103
104	156
104	157
104	179
104	181
104	182
104	190
104	197
104	198
105	10
105	21
105	70
105	77
105	124
105	132
105	147
105	164
105	194
105	199
106	23
106	33
106	70
106	91
106	107
106	147
106	148
106	186
106	194
106	199
107	33
107	81
107	105
107	148
107	149
107	186
107	194
107	199
108	43
108	103
108	135
108	143
108	157
108	182
108	189
108	190
108	197
108	198
109	3
109	43
109	108
109	116
109	129
109	135
109	151
109	181
109	189
109	190
109	197
109	198
110	66
110	83
110	84
110	104
110	129
110	156
110	160
110	181
110	182
110	189
110	190
110	197
110	198
111	64
111	79
111	102
111	119
111	154
111	158
111	176
111	193
111	196
111	200
112	117
112	146
112	159
112	162
112	174
112	180
112	184
112	187
112	188
112	191
112	192
113	16
113	21
113	97
113	105
113	146
113	186
113	190
113	194
113	199
114	40
114	60
114	142
114	146
114	159
114	174
114	184
114	187
114	188
114	191
114	192
115	112
115	114
115	131
115	144
115	174
115	184
115	187
115	188
115	191
115	192
116	8
116	46
116	83
116	98
116	156
116	179
116	182
116	189
116	197
116	198
117	90
117	144
117	146
117	159
117	167
117	174
117	180
117	187
117	188
117	191
117	192
118	20
118	104
118	157
118	175
118	181
118	182
118	189
118	190
118	197
118	198
119	102
119	123
119	163
119	169
119	173
119	177
119	185
119	193
119	195
119	200
120	53
120	126
120	134
120	140
120	150
120	170
120	171
120	178
120	183
121	101
121	127
121	162
121	167
121	180
121	184
121	187
121	188
121	191
121	192
122	72
122	93
122	119
122	141
122	176
122	177
122	185
122	195
122	196
122	200
123	30
123	59
123	65
123	75
123	119
123	125
123	141
123	185
123	195
123	196
124	12
124	17
124	23
124	77
124	82
124	105
124	147
124	164
124	194
124	199
125	38
125	58
125	75
125	88
125	119
125	165
125	169
125	173
125	196
125	200
126	32
126	86
126	120
126	128
126	136
126	171
126	172
126	178
126	183
127	115
127	139
127	144
127	146
127	180
127	184
127	187
127	188
127	191
127	192
128	49
128	126
128	134
128	136
128	145
128	150
128	168
128	171
128	178
128	183
129	24
129	46
129	108
129	109
129	110
129	118
129	135
129	137
129	160
129	182
129	189
129	190
129	197
129	198
130	14
130	48
130	70
130	81
130	92
130	107
130	186
130	199
131	40
131	63
131	90
131	99
131	112
131	127
131	139
131	142
131	159
131	174
131	187
131	188
131	191
131	192
132	12
132	27
132	81
132	89
132	106
132	107
132	194
132	199
133	42
133	120
133	136
133	150
133	152
133	155
133	166
133	171
133	172
134	19
134	86
134	128
134	150
134	168
134	170
134	171
134	178
134	183
135	20
135	55
135	104
135	137
135	143
135	151
135	179
135	182
135	189
135	190
135	197
135	198
136	53
136	85
136	126
136	128
136	133
136	134
136	140
136	166
136	168
136	172
137	26
137	103
137	135
137	151
137	175
137	181
137	182
137	190
137	197
137	198
138	16
138	41
138	61
138	106
138	148
138	149
138	182
138	199
139	44
139	63
139	90
139	99
139	114
139	159
139	180
139	184
139	188
139	191
139	192
140	42
140	45
140	49
140	53
140	126
140	168
140	178
140	183
141	47
141	58
141	119
141	125
141	161
141	165
141	169
141	177
141	193
141	195
142	2
142	40
142	52
142	60
142	78
142	112
142	139
142	162
142	174
142	184
142	187
142	188
142	191
142	192
143	8
143	98
143	104
143	109
143	116
143	118
143	135
143	153
143	175
143	189
143	190
143	197
143	198
144	28
144	63
144	99
144	101
144	146
144	167
144	184
144	187
144	191
144	192
145	86
145	128
145	134
145	136
145	152
145	168
145	170
145	171
145	172
145	183
146	34
146	131
146	142
146	159
146	167
146	180
146	184
146	187
146	188
146	191
146	192
147	15
147	70
147	82
147	113
147	130
147	149
147	164
147	199
148	5
148	68
148	97
148	138
148	149
148	164
148	194
148	199
149	73
149	89
149	105
149	133
149	156
149	177
149	194
149	199
150	31
150	50
150	54
150	128
150	133
150	136
150	140
150	166
150	172
150	183
151	103
151	153
151	157
151	175
151	181
151	182
151	189
151	190
151	197
151	198
152	9
152	32
152	120
152	133
152	145
152	155
152	166
152	168
152	170
152	183
153	104
153	135
153	137
153	143
153	160
153	179
153	181
153	182
153	189
153	197
153	198
154	11
154	62
154	76
154	88
154	165
154	169
154	177
154	195
154	196
154	200
155	31
155	67
155	128
155	134
155	145
155	152
155	170
155	171
155	178
155	183
156	74
156	118
156	135
156	151
156	153
156	160
156	179
156	181
156	182
156	197
156	198
157	24
157	55
157	98
157	108
157	143
157	153
157	179
157	189
157	190
157	197
157	198
158	7
158	62
158	76
158	80
158	163
158	177
158	185
158	193
158	200
159	34
159	63
159	114
159	131
159	144
159	167
159	184
159	187
159	188
159	191
159	192
160	83
160	87
160	108
160	116
160	151
160	153
160	156
160	175
160	179
160	182
160	189
160	197
160	198
161	38
161	39
161	95
161	119
161	125
161	141
161	177
161	193
161	196
161	200
162	28
162	115
162	131
162	142
162	174
162	184
162	187
162	188
162	191
162	192
163	25
163	35
163	58
163	75
163	122
163	165
163	173
163	195
163	196
163	200
164	10
164	109
164	113
164	115
164	186
164	194
164	199
165	18
165	37
165	58
165	59
165	94
165	173
165	193
165	196
165	200
166	9
166	49
166	54
166	150
166	152
166	168
166	170
166	172
166	178
167	112
167	114
167	139
167	162
167	174
167	180
167	184
167	187
167	188
167	192
168	69
168	120
168	128
168	155
168	169
168	170
168	172
168	183
168	184
169	59
169	72
169	88
169	122
169	163
169	165
169	185
169	193
169	195
169	200
170	32
170	100
170	120
170	136
170	150
170	155
170	166
170	168
170	178
171	19
171	67
171	69
171	100
171	152
171	155
171	172
171	178
171	183
172	9
172	42
172	54
172	86
172	126
172	152
172	155
172	166
172	170
172	178
173	6
173	38
173	76
173	95
173	122
173	169
173	176
173	185
173	193
173	200
174	112
174	117
174	139
174	146
174	167
174	180
174	184
174	187
174	188
174	191
174	192
175	8
175	66
175	103
175	116
175	135
175	151
175	153
175	156
175	160
175	190
175	197
175	198
176	6
176	35
176	36
176	47
176	72
176	80
176	119
176	158
176	173
176	200
177	47
177	123
177	158
177	161
177	163
177	185
177	193
177	195
177	196
177	200
178	45
178	50
178	133
178	145
178	155
178	175
178	183
178	197
179	29
179	83
179	87
179	118
179	157
179	175
179	181
179	182
179	189
179	190
179	197
179	198
180	40
180	142
180	159
180	162
180	174
180	184
180	187
180	188
180	191
180	192
181	3
181	109
181	110
181	143
181	153
181	156
181	175
181	179
181	189
181	190
181	197
181	198
182	3
182	46
182	74
182	87
182	135
182	160
182	179
182	197
182	198
183	53
183	69
183	86
183	133
183	155
183	171
183	178
184	117
184	121
184	127
184	139
184	142
184	162
184	180
184	187
184	188
184	191
184	192
185	39
185	111
185	141
185	163
185	165
185	173
185	176
185	196
185	200
186	4
186	41
186	51
186	57
186	164
186	185
186	196
186	199
187	60
187	114
187	121
187	131
187	167
187	184
187	188
187	191
187	192
188	101
188	115
188	159
188	162
188	167
188	180
188	187
188	191
188	192
189	20
189	98
189	143
189	153
189	157
189	175
189	181
189	197
189	198
190	24
190	43
190	46
190	151
190	160
190	181
190	182
190	189
190	197
190	198
191	28
191	44
191	71
191	99
191	127
191	142
191	159
191	174
191	184
191	188
192	60
192	117
192	121
192	139
192	144
192	180
192	184
192	187
192	191
193	62
193	72
193	79
193	154
193	169
193	173
193	195
193	196
193	200
194	61
194	89
194	97
194	113
194	124
194	130
194	132
194	186
194	199
195	96
195	165
195	169
195	177
195	185
195	193
195	196
195	200
196	6
196	39
196	62
196	111
196	161
196	185
196	193
196	195
196	200
197	26
197	74
197	116
197	137
197	157
197	160
197	179
197	189
197	190
197	198
198	66
198	84
198	103
198	129
198	153
198	179
198	189
198	190
198	197
199	56
199	81
199	82
199	92
199	105
199	124
199	164
199	186
199	194
200	6
200	65
200	154
200	158
200	161
200	169
200	173
200	176
200	193
