1	135
1	142
1	256
1	270
1	289
1	301
1	324
1	345
1	348
1	381
1	396
1	403
1	434
1	438
2	43
2	71
2	72
2	156
2	200
2	209
2	278
2	416
2	428
2	437
2	445
2	448
2	454
2	468
2	474
3	226
3	242
3	280
3	298
3	350
3	353
3	369
3	390
3	400
3	424
3	439
3	442
3	444
3	447
3	459
3	464
3	466
3	467
3	480
3	483
4	17
4	62
4	85
4	160
4	254
4	279
4	288
4	339
4	341
4	362
4	395
4	404
4	407
4	422
4	425
5	1
5	66
5	94
5	131
5	258
5	270
5	287
5	301
5	320
5	345
5	373
5	381
5	434
5	438
6	116
6	117
6	125
6	188
6	228
6	296
6	336
6	368
6	386
6	394
6	411
6	449
6	450
6	455
6	476
6	488
6	489
6	491
6	493
7	137
7	154
7	202
7	244
7	311
7	321
7	323
7	344
7	367
7	399
7	423
7	441
7	443
7	451
7	452
7	458
7	477
7	481
7	482
7	486
8	41
8	60
8	129
8	243
8	308
8	346
8	388
8	402
8	421
8	456
8	460
8	461
8	463
8	465
8	469
8	471
8	472
8	475
8	478
8	487
9	64
9	81
9	145
9	215
9	255
9	296
9	368
9	383
9	386
9	405
9	426
9	427
9	449
9	476
9	488
9	489
9	491
9	493
10	162
10	184
10	251
10	257
10	271
10	286
10	309
10	338
10	344
10	351
10	378
10	389
10	429
10	474
11	88
11	146
11	154
11	189
11	244
11	366
11	385
11	399
11	423
11	431
11	436
11	443
11	452
11	458
11	477
11	481
11	482
11	486
12	47
12	104
12	377
12	390
12	392
12	400
12	424
12	439
12	442
12	444
12	447
12	459
12	464
12	466
12	467
12	480
12	483
13	27
13	48
13	65
13	86
13	93
13	223
13	264
13	269
13	297
13	318
13	356
13	433
13	440
13	446
13	453
13	457
14	67
14	68
14	75
14	119
14	133
14	180
14	205
14	213
14	241
14	314
14	325
14	401
14	412
14	417
15	71
15	78
15	96
15	122
15	174
15	209
15	263
15	347
15	364
15	416
15	432
15	437
15	445
15	454
15	468
15	474
16	59
16	83
16	183
16	199
16	291
16	322
16	349
16	354
16	361
16	379
16	410
16	430
16	435
17	28
17	103
17	127
17	170
17	279
17	312
17	316
17	327
17	331
17	395
17	404
17	407
17	422
17	425
18	59
18	83
18	175
18	222
18	235
18	247
18	291
18	317
18	322
18	349
18	361
18	379
18	410
18	430
18	435
19	1
19	80
19	183
19	199
19	222
19	247
19	291
19	322
19	354
19	360
19	361
19	379
19	430
19	435
20	23
20	106
20	124
20	198
20	302
20	303
20	374
20	376
20	387
20	456
20	460
20	463
20	465
20	469
20	471
20	472
20	475
20	478
20	487
21	123
21	165
21	211
21	213
21	241
21	292
21	314
21	334
21	357
21	380
21	401
21	412
21	417
22	80
22	171
22	210
22	237
22	244
22	366
22	385
22	406
22	423
22	436
22	441
22	451
22	452
22	458
22	477
22	481
22	482
22	486
23	8
23	106
23	129
23	218
23	302
23	306
23	308
23	309
23	374
23	376
23	382
23	460
23	461
23	463
23	465
23	469
23	471
23	472
23	475
23	478
23	487
24	80
24	146
24	155
24	169
24	293
24	323
24	344
24	355
24	367
24	406
24	423
24	431
24	451
24	452
24	458
24	477
24	481
24	482
24	486
25	61
25	94
25	109
25	135
25	142
25	289
25	348
25	373
25	381
25	396
25	403
25	434
25	438
26	22
26	53
26	80
26	169
26	239
26	293
26	311
26	323
26	344
26	366
26	385
26	406
26	414
26	423
26	431
26	436
26	443
26	451
26	481
26	482
26	486
27	13
27	87
27	220
27	225
27	231
27	284
27	342
27	384
27	433
27	440
27	446
27	453
27	457
28	62
28	127
28	138
28	160
28	170
28	173
28	312
28	327
28	331
28	337
28	339
28	341
28	395
28	404
28	422
28	425
29	115
29	181
29	182
29	212
29	217
29	272
29	305
29	365
29	391
29	397
29	408
29	413
29	462
29	470
29	473
29	479
29	484
29	485
29	490
29	492
29	494
29	496
29	497
29	498
29	499
29	500
30	3
30	50
30	111
30	266
30	281
30	350
30	358
30	390
30	400
30	418
30	424
30	442
30	444
30	447
30	459
30	464
30	466
30	467
30	480
30	483
31	25
31	40
31	94
31	109
31	258
31	260
31	287
31	320
31	345
31	381
31	403
31	434
31	438
32	92
32	139
32	225
32	231
32	261
32	269
32	284
32	342
32	356
32	371
32	384
32	433
32	440
32	446
32	453
32	457
33	70
33	116
33	188
33	255
33	294
33	310
33	329
33	352
33	383
33	405
33	411
33	427
33	455
33	476
33	488
33	489
33	491
33	493
34	89
34	95
34	102
34	216
34	224
34	249
34	290
34	300
34	343
34	393
34	409
34	415
34	419
34	420
35	63
35	89
35	91
35	95
35	176
35	224
35	249
35	290
35	393
35	398
35	409
35	415
35	419
35	420
36	253
36	273
36	299
36	305
36	365
36	391
36	413
36	462
36	470
36	473
36	479
36	484
36	485
36	490
36	492
36	494
36	495
36	496
36	497
36	498
36	499
36	500
37	6
37	33
37	125
37	166
37	188
37	215
37	240
37	294
37	329
37	405
37	411
37	449
37	455
37	476
37	488
37	489
37	491
37	493
38	171
38	184
38	221
38	251
38	285
38	338
38	385
38	389
38	429
38	430
38	468
38	472
38	473
38	486
39	64
39	116
39	117
39	188
39	240
39	372
39	411
39	426
39	427
39	449
39	450
39	455
39	476
39	488
39	489
39	491
39	493
40	61
40	66
40	270
40	301
40	320
40	345
40	348
40	373
40	381
40	396
40	403
40	434
40	438
41	112
41	130
41	303
41	374
41	388
41	402
41	421
41	456
41	461
41	463
41	465
41	469
41	471
41	472
41	475
41	478
41	487
42	10
42	99
42	108
42	159
42	168
42	184
42	257
42	274
42	286
42	335
42	338
42	351
42	389
42	429
43	2
43	122
43	233
43	304
43	326
43	347
43	416
43	428
43	432
43	437
43	445
43	448
43	454
43	468
43	474
44	48
44	65
44	139
44	190
44	196
44	220
44	234
44	275
44	342
44	371
44	384
44	433
44	440
44	446
44	453
44	457
45	69
45	157
45	181
45	248
45	333
45	359
45	365
45	408
45	462
45	470
45	479
45	484
45	485
45	490
45	492
45	496
45	497
45	498
45	499
45	500
46	42
46	99
46	108
46	286
46	335
46	338
46	340
46	351
46	384
46	389
46	416
46	429
46	470
47	50
47	79
47	110
47	350
47	353
47	377
47	390
47	392
47	418
47	439
47	444
47	459
47	464
47	466
47	467
47	480
47	483
48	87
48	234
48	261
48	269
48	275
48	318
48	342
48	371
48	433
48	440
48	446
48	453
48	457
49	97
49	99
49	178
49	201
49	257
49	272
49	335
49	338
49	351
49	378
49	389
49	429
49	492
50	110
50	219
50	242
50	350
50	369
50	390
50	392
50	439
50	442
50	444
50	447
50	459
50	464
50	466
50	467
50	480
50	483
51	69
51	204
51	217
51	299
51	332
51	359
51	365
51	397
51	408
51	413
51	462
51	470
51	479
51	484
51	485
51	490
51	492
51	494
51	495
51	496
51	497
51	498
51	499
51	500
52	35
52	63
52	89
52	91
52	164
52	224
52	290
52	300
52	319
52	398
52	415
52	419
52	420
53	7
53	57
53	146
53	355
53	406
53	423
53	431
53	436
53	441
53	443
53	451
53	452
53	458
53	477
53	481
53	482
53	486
54	34
54	95
54	161
54	206
54	216
54	224
54	249
54	290
54	300
54	319
54	375
54	398
54	409
54	415
54	419
54	420
55	14
55	114
55	128
55	211
55	276
55	292
55	314
55	315
55	325
55	380
55	412
55	417
56	2
56	134
56	147
56	209
56	263
56	364
56	416
56	428
56	437
56	445
56	448
56	454
56	468
56	474
57	22
57	146
57	169
57	189
57	237
57	244
57	311
57	406
57	431
57	441
57	443
57	451
57	452
57	458
57	477
57	481
57	482
58	2
58	134
58	163
58	229
58	263
58	268
58	304
58	326
58	364
58	428
58	437
58	445
58	448
58	454
58	468
58	474
59	18
59	120
59	175
59	207
59	235
59	247
59	317
59	328
59	349
59	354
59	361
59	410
59	430
59	435
60	112
60	302
60	313
60	346
60	382
60	421
60	456
60	460
60	461
60	463
60	465
60	469
60	471
60	472
60	475
60	478
60	487
61	31
61	82
61	94
61	152
61	289
61	301
61	320
61	348
61	358
61	373
61	381
61	434
61	438
62	17
62	85
62	138
62	141
62	148
62	279
62	331
62	337
62	339
62	341
62	395
62	404
62	407
62	422
62	425
63	95
63	206
63	257
63	290
63	319
63	343
63	375
63	398
63	409
63	415
63	419
63	420
63	490
64	9
64	117
64	296
64	336
64	368
64	372
64	383
64	394
64	405
64	411
64	426
64	449
64	450
64	476
64	488
64	489
64	491
64	493
65	90
65	186
65	196
65	223
65	252
65	275
65	318
65	356
65	371
65	384
65	433
65	440
65	446
65	453
65	457
66	25
66	40
66	118
66	142
66	265
66	287
66	289
66	301
66	320
66	373
66	434
66	438
67	21
67	91
67	119
67	128
67	165
67	211
67	325
67	357
67	380
67	401
67	412
67	417
67	418
68	21
68	43
68	55
68	119
68	292
68	314
68	334
68	339
68	357
68	401
68	412
68	417
68	481
69	51
69	115
69	153
69	212
69	253
69	299
69	305
69	333
69	365
69	408
69	462
69	470
69	473
69	479
69	484
69	485
69	490
69	492
69	494
69	495
69	496
69	497
69	498
69	499
69	500
70	33
70	151
70	228
70	255
70	336
70	386
70	394
70	405
70	411
70	427
70	449
70	450
70	455
70	476
70	488
70	489
70	491
70	493
71	2
71	72
71	84
71	192
71	209
71	263
71	278
71	364
71	428
71	437
71	445
71	448
71	454
71	468
71	474
72	15
72	78
72	174
72	192
72	233
72	268
72	326
72	364
72	416
72	428
72	432
72	437
72	448
72	468
72	474
73	1
73	31
73	40
73	245
73	258
73	265
73	301
73	320
73	348
73	373
73	396
73	403
73	434
73	438
74	59
74	120
74	193
74	207
74	247
74	291
74	328
74	354
74	360
74	363
74	379
74	410
74	430
74	435
75	14
75	119
75	123
75	128
75	136
75	180
75	276
75	292
75	325
75	370
75	380
75	401
75	412
75	417
76	54
76	63
76	102
76	179
76	249
76	300
76	319
76	343
76	393
76	409
76	419
76	420
77	120
77	207
77	235
77	317
77	349
77	354
77	360
77	361
77	379
77	410
77	430
77	435
78	72
78	152
78	200
78	268
78	278
78	347
78	428
78	437
78	445
78	448
78	454
78	468
78	474
79	100
79	195
79	266
79	281
79	353
79	400
79	418
79	424
79	439
79	442
79	444
79	459
79	464
79	467
79	480
79	483
80	11
80	137
80	293
80	344
80	355
80	399
80	414
80	423
80	431
80	436
80	443
80	451
80	452
80	458
80	477
80	481
80	482
80	486
81	64
81	166
81	294
81	296
81	352
81	383
81	394
81	405
81	411
81	449
81	450
81	455
81	488
81	489
81	491
81	493
82	31
82	61
82	66
82	142
82	265
82	320
82	373
82	381
82	396
82	403
82	434
82	438
83	18
83	193
83	199
83	207
83	238
83	291
83	317
83	328
83	360
83	379
83	410
83	430
83	435
84	15
84	122
84	134
84	229
84	233
84	259
84	268
84	364
84	416
84	432
84	437
84	445
84	454
84	468
84	474
85	103
85	173
85	256
85	279
85	312
85	324
85	331
85	337
85	339
85	395
85	404
85	407
85	422
85	425
86	90
86	139
86	186
86	234
86	261
86	275
86	318
86	371
86	433
86	440
86	446
86	453
86	457
87	86
87	190
87	220
87	223
87	297
87	371
87	384
87	433
87	440
87	446
87	453
87	457
88	26
88	155
88	169
88	311
88	344
88	366
88	367
88	414
88	431
88	436
88	441
88	443
88	451
88	452
88	458
88	477
88	481
88	482
88	486
89	52
89	76
89	95
89	161
89	179
89	206
89	343
89	375
89	393
89	409
89	415
89	419
89	420
90	13
90	92
90	93
90	139
90	190
90	262
90	264
90	297
90	356
90	384
90	440
90	446
90	453
90	457
91	76
91	89
91	140
91	176
91	179
91	206
91	224
91	375
91	393
91	398
91	409
91	415
91	419
91	420
92	32
92	190
92	220
92	223
92	252
92	261
92	262
92	297
92	318
92	371
92	384
92	440
92	446
92	453
92	457
93	13
93	44
93	196
93	262
93	269
93	284
93	371
93	384
93	440
93	446
93	453
93	457
94	5
94	109
94	131
94	135
94	245
94	258
94	265
94	320
94	345
94	348
94	373
94	396
94	403
94	434
94	438
95	34
95	63
95	91
95	290
95	343
95	375
95	393
95	398
95	409
95	415
95	419
95	420
96	134
96	147
96	152
96	192
96	230
96	259
96	263
96	326
96	428
96	432
96	437
96	445
96	448
96	454
96	468
96	474
97	42
97	49
97	162
97	168
97	201
97	221
97	274
97	286
97	335
97	351
97	378
97	389
97	429
98	30
98	100
98	110
98	150
98	226
98	227
98	285
98	307
98	369
98	400
98	418
98	424
98	439
98	442
98	459
98	464
98	466
98	480
98	483
99	10
99	16
99	42
99	46
99	144
99	194
99	201
99	251
99	274
99	338
99	340
99	392
99	429
100	150
100	226
100	266
100	280
100	281
100	307
100	350
100	353
100	369
100	377
100	392
100	418
100	442
100	444
100	447
100	459
100	464
100	467
100	480
100	483
101	51
101	248
101	332
101	359
101	391
101	413
101	462
101	470
101	473
101	479
101	484
101	485
101	490
101	492
101	494
101	495
101	496
101	497
101	498
101	499
101	500
102	140
102	176
102	179
102	216
102	249
102	300
102	319
102	343
102	393
102	398
102	409
102	415
102	419
102	420
103	4
103	62
103	127
103	141
103	173
103	254
103	288
103	324
103	327
103	339
103	341
103	395
103	404
103	407
103	422
103	425
104	110
104	219
104	266
104	353
104	358
104	369
104	392
104	400
104	418
104	424
104	439
104	444
104	459
104	464
104	466
104	467
104	480
104	483
105	72
105	134
105	147
105	174
105	230
105	263
105	326
105	364
105	432
105	437
105	445
105	448
105	454
105	468
105	474
106	302
106	306
106	309
106	313
106	382
106	387
106	388
106	402
106	421
106	460
106	461
106	463
106	465
106	469
106	471
106	472
106	475
106	478
106	487
107	81
107	255
107	282
107	294
107	310
107	336
107	352
107	368
107	386
107	394
107	405
107	449
107	450
107	455
107	476
107	488
107	489
107	491
107	493
108	49
108	99
108	159
108	184
108	221
108	249
108	251
108	257
108	274
108	281
108	335
108	381
108	429
109	135
109	258
109	260
109	265
109	270
109	287
109	345
109	348
109	373
109	381
109	434
109	438
110	12
110	98
110	219
110	242
110	350
110	377
110	390
110	400
110	424
110	442
110	444
110	447
110	459
110	466
110	467
110	480
110	483
111	12
111	100
111	219
111	227
111	242
111	281
111	285
111	353
111	369
111	377
111	392
111	442
111	444
111	447
111	459
111	464
111	466
111	467
111	480
111	483
112	130
112	309
112	330
112	382
112	388
112	421
112	456
112	460
112	461
112	463
112	465
112	469
112	471
112	472
112	475
112	478
112	487
113	84
113	105
113	122
113	259
113	278
113	326
113	347
113	416
113	428
113	432
113	445
113	454
113	468
113	474
114	123
114	128
114	133
114	165
114	205
114	276
114	315
114	325
114	357
114	370
114	380
114	401
114	412
114	417
115	253
115	333
115	391
115	397
115	413
115	462
115	470
115	484
115	485
115	490
115	492
115	494
115	495
115	496
115	497
115	498
115	499
115	500
116	107
116	228
116	240
116	267
116	310
116	368
116	372
116	383
116	394
116	426
116	427
116	455
116	476
116	488
116	489
116	491
116	493
117	64
117	81
117	116
117	232
117	255
117	267
117	282
117	329
117	336
117	383
117	426
117	449
117	450
117	455
117	476
117	488
117	489
117	491
117	493
118	82
118	135
118	260
118	265
118	270
118	301
118	320
118	345
118	348
118	396
118	434
118	438
119	21
119	68
119	75
119	128
119	133
119	136
119	276
119	292
119	314
119	315
119	334
119	357
119	370
119	401
119	417
120	16
120	19
120	74
120	77
120	175
120	183
120	193
120	222
120	235
120	379
120	410
120	430
120	435
121	197
121	204
121	212
121	253
121	305
121	332
121	408
121	413
121	462
121	479
121	484
121	490
121	492
121	494
121	495
121	496
121	497
121	498
121	499
121	500
122	2
122	96
122	156
122	192
122	200
122	230
122	263
122	416
122	432
122	437
122	448
122	454
122	468
122	474
123	14
123	165
123	211
123	241
123	292
123	315
123	334
123	370
123	401
123	412
123	417
123	428
123	482
124	106
124	129
124	306
124	309
124	313
124	330
124	376
124	421
124	456
124	461
124	469
124	471
124	472
124	475
124	478
124	487
125	6
125	39
125	107
125	145
125	267
125	294
125	310
125	329
125	336
125	368
125	386
125	426
125	427
125	450
125	455
125	476
125	488
125	489
125	491
125	493
126	11
126	53
126	237
126	344
126	367
126	399
126	414
126	423
126	431
126	441
126	443
126	452
126	477
126	481
126	482
126	486
127	138
127	256
127	288
127	312
127	316
127	324
127	341
127	362
127	395
127	404
127	407
127	425
128	68
128	114
128	136
128	180
128	211
128	314
128	315
128	334
128	357
128	370
128	401
128	417
129	23
129	60
129	130
129	302
129	303
129	306
129	308
129	309
129	346
129	374
129	382
129	388
129	402
129	456
129	461
129	469
129	471
129	472
129	475
129	478
129	487
130	8
130	106
130	250
130	295
130	313
130	346
130	374
130	382
130	387
130	402
130	456
130	460
130	465
130	469
130	471
130	472
130	475
130	478
130	487
131	5
131	31
131	118
131	245
131	287
131	289
131	301
131	345
131	381
131	396
131	403
131	434
131	438
132	143
132	191
132	250
132	376
132	382
132	388
132	456
132	460
132	461
132	463
132	465
132	469
132	471
132	472
132	475
132	478
132	487
133	114
133	128
133	136
133	241
133	292
133	314
133	325
133	334
133	357
133	370
133	401
133	417
134	56
134	78
134	96
134	147
134	156
134	233
134	268
134	278
134	304
134	432
134	437
134	445
134	448
134	468
134	474
135	5
135	40
135	73
135	265
135	287
135	301
135	320
135	345
135	381
135	403
135	434
135	438
136	14
136	67
136	75
136	123
136	205
136	276
136	315
136	334
136	357
136	380
136	412
136	417
137	24
137	57
137	146
137	189
137	202
137	239
137	244
137	293
137	311
137	323
137	355
137	366
137	385
137	414
137	423
137	431
137	436
137	443
137	451
137	452
137	477
137	482
137	486
138	67
138	254
138	279
138	283
138	311
138	331
138	337
138	395
138	403
138	404
138	425
138	476
138	489
139	44
139	48
139	90
139	93
139	186
139	234
139	252
139	275
139	342
139	433
139	440
139	446
139	453
139	457
140	76
140	102
140	176
140	179
140	216
140	224
140	290
140	300
140	319
140	343
140	375
140	393
140	398
140	409
140	419
141	138
141	160
141	170
141	288
141	312
141	327
141	337
141	339
141	341
141	362
141	395
141	404
141	407
141	422
141	425
142	66
142	73
142	82
142	260
142	270
142	289
142	345
142	348
142	373
142	381
142	396
142	403
142	434
143	112
143	132
143	198
143	246
143	306
143	313
143	346
143	376
143	402
143	421
143	460
143	461
143	463
143	465
143	469
143	471
143	475
143	478
143	487
144	168
144	184
144	201
144	240
144	274
144	333
144	340
144	351
144	378
144	389
144	429
144	463
144	478
145	6
145	70
145	81
145	125
145	166
145	228
145	240
145	282
145	336
145	368
145	372
145	383
145	394
145	449
145	455
145	476
145	488
145	489
145	491
145	493
146	126
146	155
146	202
146	321
146	344
146	366
146	399
146	406
146	414
146	441
146	451
146	452
146	458
146	477
146	481
146	482
146	486
147	2
147	174
147	209
147	229
147	233
147	263
147	347
147	416
147	428
147	432
147	437
147	445
147	454
147	468
148	28
148	138
148	141
148	324
148	327
148	331
148	337
148	339
148	390
148	407
148	422
148	425
148	448
149	153
149	204
149	283
149	391
149	397
149	413
149	462
149	470
149	473
149	479
149	484
149	485
149	490
149	492
149	494
149	495
149	496
149	497
149	498
149	499
149	500
150	30
150	226
150	281
150	285
150	307
150	350
150	353
150	377
150	400
150	439
150	444
150	459
150	464
150	466
150	467
150	480
150	483
151	167
151	215
151	267
151	282
151	329
151	352
151	372
151	383
151	386
151	394
151	449
151	450
151	455
151	476
151	488
151	489
151	491
151	493
152	192
152	259
152	263
152	278
152	304
152	326
152	347
152	364
152	432
152	445
152	448
152	454
152	468
152	474
153	29
153	51
153	121
153	181
153	197
153	299
153	333
153	397
153	470
153	473
153	479
153	484
153	490
153	492
153	494
153	495
153	496
153	497
153	498
153	499
153	500
154	53
154	126
154	189
154	239
154	244
154	344
154	385
154	399
154	414
154	431
154	451
154	458
154	477
154	481
154	482
154	486
155	53
155	88
155	239
155	367
155	399
155	406
155	431
155	436
155	441
155	443
155	451
155	452
155	458
155	477
155	481
155	482
155	486
156	71
156	78
156	84
156	105
156	174
156	259
156	278
156	326
156	347
156	416
156	428
156	432
156	437
156	445
156	448
156	468
157	29
157	365
157	391
157	397
157	413
157	462
157	473
157	479
157	484
157	485
157	490
157	492
157	494
157	495
157	496
157	497
157	498
157	499
157	500
158	45
158	182
158	204
158	299
158	365
158	413
158	470
158	473
158	484
158	485
158	490
158	492
158	495
158	496
158	497
158	498
158	499
158	500
159	38
159	42
159	60
159	168
159	178
159	271
159	340
159	370
159	378
159	389
159	429
159	438
159	471
160	62
160	127
160	141
160	254
160	256
160	288
160	337
160	339
160	341
160	395
160	404
160	407
160	422
160	425
161	34
161	63
161	164
161	179
161	224
161	249
161	343
161	375
161	393
161	398
161	409
161	415
161	419
161	420
162	73
162	120
162	251
162	257
162	274
162	277
162	286
162	335
162	340
162	373
162	399
162	429
162	480
163	78
163	96
163	122
163	230
163	304
163	326
163	416
163	428
163	432
163	437
163	445
163	448
163	468
163	474
164	35
164	95
164	161
164	206
164	224
164	300
164	319
164	375
164	409
164	415
164	419
164	420
165	68
165	114
165	123
165	128
165	180
165	276
165	314
165	315
165	334
165	357
165	380
165	401
165	412
165	417
166	117
166	167
166	255
166	282
166	296
166	310
166	352
166	368
166	405
166	411
166	450
166	455
166	476
166	488
166	489
166	491
166	493
167	151
167	166
167	228
167	282
167	294
167	329
167	352
167	368
167	372
167	394
167	427
167	449
167	450
167	455
167	476
167	488
167	489
167	491
167	493
168	46
168	49
168	99
168	194
168	221
168	257
168	335
168	338
168	340
168	351
168	378
168	389
169	11
169	22
169	189
169	236
169	293
169	321
169	366
169	399
169	414
169	436
169	443
169	451
169	452
169	458
169	477
169	481
169	482
169	486
170	17
170	127
170	173
170	279
170	316
170	324
170	327
170	331
170	339
170	341
170	362
170	404
170	407
170	422
170	425
171	155
171	189
171	236
171	237
171	293
171	321
171	355
171	366
171	414
171	431
171	441
171	443
171	451
171	458
171	477
171	481
171	486
172	18
172	83
172	175
172	199
172	207
172	235
172	317
172	360
172	363
172	410
172	430
172	435
173	85
173	127
173	288
173	312
173	327
173	337
173	362
173	364
173	395
173	407
173	414
173	422
173	425
174	96
174	105
174	147
174	163
174	230
174	233
174	259
174	268
174	304
174	416
174	428
174	437
174	448
174	454
174	468
174	474
175	18
175	19
175	74
175	77
175	172
175	183
175	222
175	328
175	361
175	363
175	379
175	410
175	430
175	435
176	54
176	95
176	161
176	164
176	206
176	216
176	300
176	319
176	375
176	398
176	419
176	420
176	485
177	132
177	143
177	250
177	306
177	330
177	376
177	402
177	456
177	460
177	463
177	465
177	469
177	471
177	472
177	475
177	478
177	487
178	38
178	49
178	144
178	194
178	277
178	312
178	335
178	338
178	351
178	378
178	429
178	435
178	497
179	154
179	164
179	176
179	300
179	319
179	343
179	398
179	415
179	419
179	439
179	453
179	496
179	499
180	55
180	67
180	133
180	136
180	213
180	276
180	315
180	325
180	334
180	370
180	380
180	412
180	417
181	69
181	197
181	212
181	214
181	332
181	359
181	413
181	462
181	479
181	484
181	485
181	494
181	495
181	496
181	497
181	498
181	499
181	500
182	45
182	185
182	332
182	333
182	408
182	470
182	479
182	484
182	485
182	490
182	492
182	494
182	495
182	496
182	497
182	498
182	499
182	500
183	16
183	59
183	83
183	193
183	207
183	291
183	317
183	349
183	354
183	360
183	363
183	410
183	430
183	435
184	159
184	162
184	194
184	221
184	251
184	271
184	274
184	277
184	335
184	340
184	351
184	389
184	429
185	101
185	149
185	182
185	212
185	214
185	253
185	272
185	391
185	397
185	408
185	470
185	473
185	479
185	484
185	485
185	490
185	492
185	494
185	495
185	497
185	498
185	499
185	500
186	90
186	220
186	264
186	269
186	284
186	342
186	356
186	371
186	384
186	433
186	440
186	446
186	453
186	457
187	36
187	101
187	153
187	214
187	365
187	397
187	462
187	470
187	473
187	479
187	484
187	485
187	490
187	494
187	495
187	496
187	497
187	498
187	499
187	500
188	33
188	39
188	64
188	81
188	107
188	282
188	296
188	372
188	426
188	427
188	449
188	455
188	476
188	489
188	491
188	493
189	24
189	26
189	126
189	137
189	210
189	236
189	237
189	239
189	321
189	344
189	385
189	399
189	414
189	423
189	436
189	441
189	443
189	452
189	458
189	477
189	482
189	486
190	86
190	87
190	223
190	225
190	231
190	318
190	356
190	384
190	433
190	440
190	446
190	453
190	457
191	124
191	303
191	306
191	374
191	382
191	402
191	421
191	456
191	460
191	461
191	463
191	469
191	471
191	472
191	475
191	478
191	487
192	56
192	105
192	113
192	147
192	230
192	259
192	278
192	416
192	432
192	445
192	448
192	454
192	468
192	474
193	16
193	19
193	77
193	120
193	172
193	183
193	222
193	238
193	291
193	354
193	360
193	361
193	363
193	410
193	430
193	435
194	10
194	28
194	159
194	176
194	257
194	271
194	335
194	338
194	340
194	378
194	389
194	415
194	429
195	50
195	219
195	266
195	280
195	298
195	307
195	350
195	353
195	418
195	439
195	442
195	444
195	447
195	459
195	464
195	467
195	480
195	483
196	32
196	48
196	65
196	87
196	92
196	220
196	234
196	262
196	297
196	356
196	433
196	446
196	453
196	457
197	153
197	158
197	214
197	305
197	359
197	397
197	473
197	479
197	484
197	485
197	490
197	492
197	494
197	495
197	496
197	497
197	498
197	499
197	500
198	8
198	143
198	177
198	243
198	246
198	250
198	303
198	387
198	456
198	460
198	461
198	463
198	465
198	469
198	471
198	472
198	478
198	487
199	74
199	77
199	83
199	222
199	247
199	291
199	317
199	322
199	349
199	360
199	363
199	410
199	430
199	435
200	15
200	56
200	58
200	84
200	122
200	147
200	347
200	432
200	437
200	445
200	448
200	454
200	468
200	474
201	10
201	38
201	46
201	162
201	168
201	194
201	203
201	221
201	338
201	340
201	351
201	378
201	429
202	22
202	53
202	237
202	311
202	321
202	323
202	385
202	399
202	406
202	414
202	423
202	431
202	452
202	458
202	477
202	481
202	482
202	486
203	38
203	46
203	49
203	162
203	271
203	274
203	277
203	286
203	338
203	378
203	389
203	401
203	429
204	29
204	45
204	121
204	182
204	332
204	397
204	408
204	413
204	470
204	479
204	484
204	485
204	492
204	494
204	495
204	496
204	497
204	498
204	499
204	500
205	21
205	67
205	75
205	133
205	165
205	180
205	213
205	276
205	314
205	325
205	357
205	370
205	380
205	401
205	412
206	11
206	35
206	76
206	176
206	290
206	300
206	375
206	393
206	398
206	409
206	415
206	419
206	420
207	317
207	322
207	328
207	349
207	354
207	361
207	363
207	379
207	410
207	412
207	430
207	435
207	469
208	101
208	153
208	158
208	197
208	333
208	359
208	391
208	408
208	462
208	470
208	473
208	484
208	485
208	490
208	494
208	495
208	496
208	497
208	498
208	499
208	500
209	72
209	105
209	113
209	152
209	156
209	229
209	259
209	347
209	416
209	428
209	432
209	445
209	448
209	454
209	474
210	88
210	126
210	202
210	239
210	323
210	355
210	366
210	367
210	406
210	423
210	436
210	441
210	443
210	452
210	481
210	482
210	486
211	68
211	128
211	180
211	205
211	292
211	315
211	325
211	334
211	357
211	370
211	380
211	401
211	412
211	417
212	36
212	153
212	157
212	185
212	204
212	208
212	214
212	248
212	253
212	272
212	359
212	391
212	462
212	470
212	479
212	484
212	490
212	492
212	494
212	495
212	496
212	497
212	498
212	499
212	500
213	75
213	114
213	229
213	303
213	315
213	334
213	357
213	370
213	380
213	401
213	417
213	424
213	432
214	182
214	185
214	197
214	248
214	273
214	299
214	305
214	365
214	462
214	473
214	479
214	484
214	485
214	490
214	492
214	494
214	495
214	496
214	497
214	498
214	499
214	500
215	117
215	145
215	240
215	329
215	386
215	405
215	411
215	426
215	427
215	450
215	455
215	476
215	488
215	489
215	491
215	493
216	89
216	209
216	224
216	249
216	300
216	319
216	375
216	378
216	393
216	409
216	415
216	419
216	420
217	157
217	158
217	181
217	272
217	283
217	299
217	305
217	359
217	413
217	462
217	473
217	479
217	484
217	485
217	490
217	492
217	494
217	495
217	496
217	497
217	498
217	499
217	500
218	20
218	130
218	177
218	306
218	330
218	374
218	388
218	421
218	456
218	460
218	461
218	463
218	465
218	469
218	471
218	472
218	475
218	478
218	487
219	30
219	98
219	100
219	104
219	266
219	280
219	369
219	390
219	424
219	442
219	444
219	447
219	464
219	466
219	467
219	480
219	483
220	90
220	139
220	225
220	261
220	262
220	269
220	284
220	318
220	356
220	384
220	440
220	446
220	457
221	10
221	38
221	49
221	184
221	194
221	203
221	257
221	274
221	277
221	338
221	340
221	378
221	429
222	16
222	183
222	193
222	238
222	317
222	322
222	328
222	349
222	354
222	360
222	410
222	430
222	435
223	65
223	186
223	196
223	231
223	252
223	269
223	284
223	297
223	318
223	342
223	371
223	433
223	440
223	446
223	453
223	457
224	34
224	35
224	54
224	63
224	91
224	140
224	216
224	319
224	343
224	375
224	409
224	415
224	419
224	420
225	32
225	48
225	90
225	93
225	190
225	223
225	231
225	261
225	262
225	269
225	318
225	433
225	440
225	446
225	453
225	457
226	280
226	281
226	350
226	358
226	369
226	377
226	390
226	424
226	439
226	442
226	444
226	447
226	459
226	464
226	466
226	467
226	480
226	483
227	12
227	104
227	150
227	266
227	298
227	307
227	353
227	369
227	390
227	418
227	442
227	444
227	447
227	459
227	464
227	466
227	480
227	483
228	70
228	117
228	145
228	151
228	267
228	310
228	368
228	383
228	394
228	405
228	427
228	450
228	476
228	488
228	489
228	491
228	493
229	43
229	56
229	71
229	147
229	163
229	192
229	230
229	233
229	268
229	416
229	428
229	448
229	454
229	468
229	474
230	58
230	152
230	163
230	174
230	263
230	304
230	416
230	428
230	432
230	437
230	445
230	448
230	454
230	468
230	474
231	48
231	93
231	261
231	264
231	275
231	318
231	342
231	356
231	384
231	433
231	440
231	446
231	453
231	457
232	64
232	70
232	81
232	151
232	188
232	255
232	267
232	336
232	372
232	411
232	426
232	450
232	476
232	488
232	489
232	491
232	493
233	43
233	78
233	163
233	278
233	326
233	347
233	416
233	428
233	432
233	437
233	454
233	468
233	474
234	86
234	93
234	196
234	225
234	264
234	269
234	275
234	284
234	297
234	371
234	433
234	440
234	453
234	457
235	19
235	238
235	291
235	354
235	360
235	361
235	363
235	379
235	398
235	407
235	410
235	430
235	435
236	22
236	137
236	169
236	323
236	366
236	406
236	423
236	436
236	441
236	443
236	451
236	452
236	458
236	477
236	481
236	482
236	486
237	137
237	171
237	236
237	321
237	344
237	367
237	399
237	414
237	423
237	436
237	443
237	451
237	452
237	458
237	477
237	481
237	482
237	486
238	19
238	74
238	172
238	183
238	235
238	317
238	322
238	354
238	360
238	361
238	363
238	379
238	430
238	435
239	202
239	311
239	323
239	367
239	385
239	406
239	423
239	431
239	436
239	451
239	452
239	458
239	477
239	481
239	482
239	486
240	39
240	107
240	116
240	166
240	232
240	329
240	372
240	383
240	394
240	405
240	411
240	426
240	427
240	449
240	476
240	488
240	489
240	491
240	493
241	21
241	180
241	211
241	213
241	276
241	292
241	334
241	370
241	380
241	401
241	412
241	417
241	467
242	3
242	47
242	298
242	358
242	377
242	400
242	418
242	424
242	439
242	444
242	447
242	464
242	466
242	467
242	480
242	483
243	295
243	303
243	308
243	330
243	374
243	376
243	382
243	388
243	402
243	456
243	461
243	463
243	465
243	469
243	471
243	472
243	475
243	478
243	487
244	169
244	355
244	366
244	367
244	399
244	406
244	414
244	423
244	436
244	441
244	451
244	458
244	477
244	481
244	482
244	486
245	25
245	82
245	131
245	258
245	265
245	287
245	301
245	320
245	348
245	381
245	396
245	403
245	434
245	438
246	41
246	132
246	177
246	191
246	243
246	303
246	308
246	313
246	346
246	374
246	376
246	387
246	421
246	456
246	460
246	461
246	465
246	469
246	471
246	472
246	475
246	487
247	16
247	74
247	193
247	199
247	222
247	291
247	322
247	328
247	349
247	360
247	361
247	363
247	410
247	435
248	101
248	157
248	182
248	212
248	217
248	273
248	299
248	333
248	359
248	408
248	413
248	462
248	470
248	473
248	485
248	490
248	492
248	494
248	495
248	496
248	497
248	498
248	499
248	500
249	52
249	54
249	89
249	164
249	179
249	216
249	290
249	375
249	393
249	398
249	415
249	419
249	420
250	41
250	60
250	198
250	218
250	243
250	295
250	302
250	313
250	346
250	374
250	387
250	456
250	461
250	463
250	465
250	471
250	472
250	475
250	478
250	487
251	97
251	144
251	221
251	271
251	335
251	338
251	340
251	351
251	378
251	389
251	408
251	429
251	456
252	27
252	32
252	65
252	92
252	196
252	225
252	261
252	284
252	356
252	433
252	440
252	453
252	457
253	187
253	197
253	217
253	283
253	397
253	413
253	470
253	473
253	479
253	485
253	490
253	492
253	494
253	495
253	496
253	497
253	498
253	499
253	500
254	4
254	85
254	148
254	160
254	256
254	312
254	327
254	331
254	339
254	362
254	395
254	404
254	407
254	422
254	425
255	37
255	188
255	228
255	267
255	329
255	336
255	352
255	383
255	405
255	426
255	427
255	450
255	476
255	488
255	489
255	491
255	493
256	28
256	148
256	279
256	288
256	312
256	316
256	327
256	339
256	341
256	404
256	407
256	422
256	425
257	42
257	162
257	168
257	178
257	194
257	201
257	203
257	221
257	271
257	277
257	286
257	340
257	351
257	378
257	429
258	5
258	25
258	66
258	135
258	142
258	245
258	260
258	270
258	289
258	348
258	373
258	381
258	403
258	434
258	438
259	2
259	58
259	78
259	192
259	209
259	278
259	416
259	428
259	437
259	445
259	448
259	454
259	468
259	474
260	40
260	82
260	109
260	143
260	245
260	258
260	287
260	345
260	348
260	396
260	403
260	434
260	438
261	27
261	190
261	220
261	231
261	252
261	297
261	356
261	384
261	433
261	440
261	446
261	453
261	457
262	87
262	186
262	220
262	226
262	252
262	264
262	356
262	384
262	433
262	446
262	453
262	457
262	484
263	43
263	71
263	105
263	229
263	230
263	268
263	304
263	364
263	428
263	432
263	448
263	454
263	468
263	474
264	44
264	139
264	186
264	223
264	231
264	252
264	284
264	342
264	356
264	384
264	433
264	440
264	446
264	457
265	73
265	135
265	142
265	301
265	320
265	330
265	381
265	396
265	403
265	434
265	438
265	446
265	479
266	30
266	79
266	219
266	280
266	285
266	307
266	350
266	353
266	358
266	392
266	424
266	439
266	442
266	444
266	447
266	459
266	464
266	466
266	480
266	483
267	9
267	70
267	167
267	228
267	296
267	352
267	368
267	405
267	427
267	449
267	450
267	455
267	476
267	488
267	489
267	491
267	493
268	84
268	134
268	174
268	200
268	230
268	233
268	259
268	304
268	347
268	364
268	428
268	445
268	474
269	44
269	92
269	139
269	223
269	225
269	234
269	252
269	261
269	264
269	275
269	433
269	440
269	446
269	453
270	31
270	40
270	61
270	109
270	118
270	260
270	287
270	289
270	345
270	373
270	381
270	396
270	434
270	438
271	57
271	97
271	144
271	162
271	168
271	243
271	251
271	277
271	335
271	338
271	378
271	389
271	429
272	121
272	182
272	187
272	197
272	299
272	305
272	391
272	462
272	473
272	479
272	485
272	490
272	492
272	494
272	495
272	496
272	497
272	498
272	499
272	500
273	36
273	181
273	185
273	212
273	217
273	305
273	397
273	462
273	470
273	473
273	479
273	484
273	485
273	492
273	494
273	495
273	496
273	497
273	498
273	500
274	46
274	97
274	99
274	144
274	159
274	178
274	194
274	251
274	271
274	277
274	286
274	335
274	351
274	389
274	429
275	27
275	32
275	48
275	90
275	223
275	231
275	297
275	318
275	342
275	433
275	440
275	446
275	453
275	457
276	14
276	75
276	211
276	241
276	292
276	313
276	314
276	334
276	370
276	401
276	402
276	412
276	417
277	97
277	108
277	144
277	159
277	184
277	201
277	203
277	257
277	271
277	274
277	286
277	335
277	351
277	389
278	58
278	113
278	122
278	156
278	229
278	304
278	326
278	428
278	432
278	445
278	448
278	454
278	468
278	474
279	62
279	141
279	173
279	208
279	312
279	327
279	331
279	337
279	362
279	395
279	407
279	422
279	425
280	79
280	110
280	227
280	242
280	298
280	369
280	390
280	392
280	400
280	418
280	424
280	442
280	447
280	459
280	466
280	467
280	480
280	483
281	3
281	100
281	350
281	353
281	392
281	400
281	418
281	424
281	439
281	442
281	444
281	447
281	459
281	464
281	466
281	467
281	480
281	483
282	145
282	232
282	294
282	329
282	368
282	386
282	405
282	426
282	427
282	449
282	450
282	455
282	476
282	488
282	489
282	491
282	493
283	51
283	157
283	158
283	208
283	332
283	391
283	397
283	408
283	462
283	470
283	473
283	479
283	485
283	490
283	492
283	494
283	495
283	497
283	498
283	499
283	500
284	27
284	87
284	90
284	92
284	186
284	234
284	252
284	261
284	264
284	297
284	371
284	433
284	446
284	457
285	3
285	47
285	50
285	219
285	266
285	307
285	350
285	358
285	418
285	424
285	439
285	442
285	444
285	447
285	459
285	466
285	467
285	480
285	483
286	38
286	42
286	49
286	86
286	178
286	184
286	203
286	251
286	277
286	351
286	389
286	427
286	429
287	5
287	94
287	142
287	260
287	265
287	270
287	289
287	320
287	348
287	373
287	396
287	434
287	438
288	125
288	142
288	160
288	316
288	324
288	327
288	339
288	341
288	362
288	404
288	407
288	422
288	425
289	25
289	61
289	73
289	109
289	245
289	260
289	270
289	301
289	345
289	348
289	396
289	403
289	434
289	438
290	35
290	52
290	63
290	76
290	89
290	102
290	140
290	216
290	343
290	393
290	398
290	409
290	415
290	419
290	420
291	59
291	74
291	172
291	222
291	317
291	328
291	349
291	360
291	361
291	363
291	410
291	423
291	435
292	14
292	55
292	123
292	165
292	227
292	315
292	325
292	357
292	363
292	370
292	380
292	412
292	417
293	26
293	154
293	210
293	236
293	323
293	385
293	399
293	406
293	436
293	441
293	451
293	458
293	477
293	481
293	482
293	486
294	9
294	167
294	232
294	282
294	296
294	310
294	352
294	386
294	411
294	427
294	449
294	450
294	455
294	476
294	488
294	489
294	491
294	493
295	124
295	129
295	130
295	132
295	177
295	218
295	250
295	303
295	306
295	330
295	346
295	382
295	456
295	460
295	461
295	465
295	471
295	472
295	475
295	478
295	487
296	117
296	151
296	188
296	228
296	310
296	336
296	386
296	411
296	426
296	427
296	449
296	450
296	476
296	488
296	489
296	491
296	493
297	186
297	220
297	261
297	275
297	284
297	318
297	356
297	371
297	384
297	440
297	446
297	453
297	457
298	280
298	350
298	369
298	377
298	400
298	418
298	424
298	439
298	442
298	447
298	459
298	464
298	466
298	467
298	480
298	483
299	158
299	197
299	253
299	273
299	305
299	332
299	462
299	470
299	473
299	479
299	484
299	485
299	490
299	492
299	494
299	495
299	496
299	497
299	498
299	499
299	500
300	52
300	91
300	102
300	135
300	249
300	319
300	375
300	393
300	398
300	409
300	415
300	419
300	420
301	1
301	118
301	245
301	265
301	287
301	345
301	348
301	373
301	396
301	403
301	404
301	434
301	438
302	41
302	191
302	198
302	246
302	303
302	313
302	330
302	376
302	382
302	421
302	456
302	460
302	461
302	463
302	465
302	469
302	471
302	472
302	475
302	478
302	487
303	130
303	143
303	250
303	306
303	309
303	374
303	387
303	388
303	402
303	421
303	456
303	460
303	461
303	463
303	465
303	471
303	472
303	475
303	478
303	487
304	84
304	96
304	152
304	163
304	229
304	347
304	364
304	432
304	437
304	445
304	454
304	468
304	474
305	181
305	185
305	208
305	212
305	217
305	333
305	365
305	391
305	462
305	470
305	473
305	479
305	484
305	490
305	492
305	494
305	495
305	496
305	497
305	498
305	499
305	500
306	41
306	112
306	198
306	243
306	250
306	387
306	402
306	421
306	460
306	463
306	465
306	469
306	471
306	472
306	475
306	478
307	12
307	47
307	111
307	195
307	298
307	353
307	358
307	390
307	392
307	424
307	439
307	442
307	447
307	459
307	464
307	466
307	480
307	483
308	124
308	129
308	198
308	303
308	313
308	376
308	387
308	460
308	461
308	463
308	465
308	469
308	471
308	472
308	475
308	478
308	487
309	41
309	106
309	130
309	143
309	218
309	246
309	306
309	376
309	388
309	402
309	456
309	461
309	463
309	469
309	471
309	475
309	478
309	487
310	215
310	232
310	267
310	329
310	352
310	383
310	386
310	394
310	426
310	427
310	449
310	450
310	476
310	488
310	489
310	491
310	493
311	80
311	210
311	293
311	321
311	355
311	366
311	367
311	406
311	414
311	436
311	441
311	443
311	451
311	458
311	481
311	482
311	486
312	4
312	148
312	160
312	170
312	173
312	254
312	288
312	316
312	324
312	331
312	341
312	362
312	395
312	404
312	422
312	425
313	20
313	60
313	106
313	112
313	124
313	250
313	346
313	402
313	456
313	461
313	463
313	465
313	469
313	471
313	472
313	475
313	478
313	487
314	119
314	123
314	136
314	165
314	194
314	205
314	292
314	325
314	380
314	401
314	412
314	417
314	460
315	75
315	133
315	205
315	210
315	213
315	276
315	314
315	325
315	357
315	380
315	412
315	417
315	487
316	85
316	141
316	160
316	279
316	288
316	324
316	331
316	337
316	339
316	395
316	407
316	422
316	425
317	16
317	18
317	59
317	235
317	247
317	273
317	276
317	322
317	328
317	349
317	360
317	430
317	435
318	87
318	92
318	190
318	196
318	262
318	264
318	275
318	342
318	356
318	433
318	440
318	446
318	453
318	457
319	76
319	164
319	249
319	290
319	375
319	398
319	409
319	415
319	419
319	420
319	421
319	483
319	498
320	73
320	82
320	118
320	219
320	289
320	345
320	348
320	376
320	403
320	429
320	434
320	438
320	491
321	26
321	57
321	137
321	202
321	210
321	293
321	323
321	367
321	423
321	431
321	441
321	443
321	452
321	477
321	481
321	482
321	486
322	77
322	172
322	222
322	238
322	247
322	328
322	349
322	361
322	363
322	387
322	410
322	430
322	435
323	11
323	236
323	244
323	321
323	367
323	399
323	406
323	431
323	441
323	443
323	451
323	452
323	477
323	481
323	482
323	486
324	17
324	127
324	148
324	170
324	173
324	256
324	327
324	337
324	362
324	395
324	407
324	422
324	425
325	55
325	67
325	68
325	119
325	155
325	167
325	213
325	351
325	357
325	370
325	380
325	401
325	412
326	33
326	43
326	84
326	122
326	200
326	364
326	416
326	428
326	437
326	445
326	448
326	454
326	474
327	17
327	148
327	170
327	215
327	256
327	312
327	331
327	337
327	341
327	395
327	404
327	422
327	425
328	77
328	120
328	193
328	238
328	247
328	291
328	322
328	349
328	363
328	379
328	410
328	430
328	435
329	39
329	125
329	151
329	188
329	232
329	255
329	310
329	352
329	386
329	411
329	427
329	449
329	450
329	455
329	476
329	488
329	489
329	491
329	493
330	132
330	191
330	246
330	302
330	309
330	346
330	374
330	387
330	388
330	421
330	460
330	461
330	463
330	465
330	469
330	471
330	472
330	475
330	478
330	487
331	62
331	103
331	138
331	148
331	160
331	173
331	254
331	316
331	324
331	327
331	362
331	395
331	404
331	407
331	422
331	425
332	69
332	101
332	158
332	182
332	185
332	187
332	217
332	248
332	253
332	359
332	391
332	462
332	470
332	473
332	479
332	484
332	485
332	490
332	492
332	494
332	495
332	496
332	497
332	498
332	499
332	500
333	101
333	115
333	121
333	149
333	187
333	299
333	332
333	397
333	408
333	413
333	462
333	473
333	479
333	484
333	490
333	492
333	494
333	495
333	496
333	497
333	498
333	500
334	114
334	119
334	133
334	199
334	213
334	241
334	263
334	315
334	370
334	401
334	412
334	417
334	495
335	46
335	108
335	144
335	178
335	203
335	221
335	251
335	271
335	286
335	340
335	378
335	389
335	429
336	6
336	39
336	116
336	215
336	294
336	372
336	394
336	405
336	426
336	427
336	449
336	450
336	455
336	488
336	489
336	491
336	493
337	4
337	17
337	28
337	138
337	170
337	254
337	256
337	279
337	316
337	362
337	404
337	407
337	422
337	425
338	46
338	168
338	194
338	201
338	203
338	221
338	274
338	277
338	340
338	351
338	378
338	389
338	429
339	4
339	85
339	103
339	170
339	256
339	279
339	288
339	324
339	331
339	337
339	362
339	395
339	404
339	407
339	422
339	425
340	10
340	97
340	144
340	159
340	168
340	257
340	271
340	286
340	335
340	338
340	351
340	378
340	429
341	4
341	62
341	103
341	141
341	160
341	254
341	312
341	316
341	324
341	337
341	339
341	362
341	404
341	407
341	422
342	44
342	93
342	234
342	252
342	269
342	275
342	297
342	371
342	433
342	440
342	453
342	461
342	462
343	54
343	95
343	140
343	161
343	179
343	216
343	375
343	393
343	398
343	409
343	415
343	419
343	420
344	88
344	126
344	137
344	171
344	189
344	210
344	311
344	323
344	355
344	399
344	414
344	431
344	436
344	441
344	443
344	451
344	458
344	477
344	481
344	486
345	94
345	118
345	131
345	135
345	258
345	287
345	320
345	362
345	373
345	396
345	403
345	434
345	438
346	243
346	250
346	302
346	309
346	330
346	374
346	382
346	388
346	456
346	460
346	463
346	465
346	469
346	471
346	475
346	478
346	487
347	15
347	58
347	105
347	163
347	174
347	200
347	233
347	268
347	416
347	432
347	437
347	448
347	454
347	468
347	474
348	1
348	40
348	73
348	131
348	142
348	245
348	260
348	287
348	301
348	373
348	381
348	396
348	434
348	438
349	19
349	183
349	193
349	207
349	238
349	317
349	322
349	328
349	360
349	379
349	410
349	430
349	435
350	47
350	79
350	195
350	226
350	266
350	280
350	298
350	358
350	377
350	390
350	392
350	424
350	439
350	444
350	447
350	464
350	467
350	480
350	483
351	97
351	99
351	108
351	144
351	162
351	178
351	184
351	201
351	221
351	286
351	338
351	389
351	429
352	37
352	167
352	296
352	310
352	368
352	383
352	394
352	405
352	426
352	427
352	450
352	455
352	476
352	488
352	489
352	491
352	493
353	47
353	195
353	285
353	369
353	377
353	390
353	392
353	400
353	439
353	447
353	459
353	464
353	466
353	467
353	480
353	483
354	18
354	77
354	172
354	199
354	291
354	317
354	322
354	328
354	349
354	361
354	410
354	430
354	435
355	146
355	154
355	236
355	239
355	293
355	311
355	344
355	367
355	385
355	399
355	423
355	431
355	436
355	451
355	458
355	477
355	481
355	482
355	486
356	13
356	32
356	225
356	252
356	262
356	264
356	318
356	342
356	371
356	433
356	440
356	446
356	457
357	14
357	55
357	119
357	123
357	133
357	136
357	205
357	241
357	314
357	325
357	370
357	380
357	412
357	417
358	98
358	104
358	110
358	111
358	280
358	353
358	390
358	424
358	439
358	442
358	444
358	459
358	464
358	466
358	467
358	480
358	483
359	187
359	204
359	208
359	214
359	305
359	397
359	462
359	470
359	473
359	479
359	484
359	485
359	490
359	492
359	494
359	495
359	496
359	498
359	499
359	500
360	74
360	77
360	83
360	193
360	207
360	222
360	247
360	317
360	328
360	354
360	361
360	363
360	379
360	430
360	435
361	59
361	74
361	83
361	120
361	172
361	175
361	235
361	238
361	328
361	354
361	360
361	379
361	410
361	430
361	435
362	103
362	141
362	254
362	279
362	288
362	312
362	316
362	324
362	331
362	341
362	395
362	404
362	422
362	425
363	18
363	104
363	120
363	175
363	247
363	322
363	354
363	360
363	361
363	379
363	410
363	430
363	435
364	105
364	113
364	192
364	200
364	326
364	347
364	428
364	432
364	437
364	445
364	448
364	454
364	468
364	474
365	29
365	187
365	273
365	332
365	391
365	397
365	408
365	413
365	462
365	473
365	479
365	484
365	485
365	490
365	492
365	494
365	495
365	496
365	498
365	499
365	500
366	11
366	26
366	171
366	189
366	239
366	321
366	344
366	355
366	406
366	423
366	436
366	441
366	451
366	452
366	477
366	481
366	482
366	486
367	7
367	24
367	202
367	237
367	293
367	311
367	385
367	423
367	431
367	436
367	441
367	443
367	452
367	458
367	477
367	481
367	486
368	33
368	215
368	240
368	296
368	336
368	352
368	372
368	383
368	386
368	411
368	449
368	450
368	455
368	476
368	488
368	491
368	493
369	30
369	79
369	195
369	227
369	242
369	285
369	298
369	307
369	377
369	390
369	418
369	444
369	447
369	464
369	466
369	467
369	480
369	483
370	67
370	165
370	180
370	211
370	213
370	241
370	276
370	292
370	314
370	315
370	325
370	334
370	412
371	27
371	96
371	225
371	231
371	234
371	261
371	264
371	297
371	356
371	440
371	446
371	453
371	457
372	33
372	166
372	188
372	215
372	228
372	232
372	267
372	282
372	352
372	394
372	411
372	426
372	449
372	450
372	476
372	488
372	489
372	491
372	493
373	1
373	5
373	61
373	94
373	131
373	245
373	258
373	345
373	381
373	396
373	403
373	434
373	438
374	130
374	191
374	218
374	306
374	313
374	388
374	402
374	421
374	456
374	461
374	465
374	469
374	471
374	472
374	475
374	478
374	487
375	34
375	102
375	121
375	140
375	164
375	206
375	290
375	343
375	393
375	398
375	409
375	420
375	493
376	20
376	129
376	132
376	191
376	246
376	295
376	308
376	330
376	346
376	374
376	388
376	421
376	456
376	460
376	461
376	463
376	465
376	472
376	475
376	478
376	487
377	12
377	111
377	219
377	227
377	266
377	350
377	353
377	358
377	400
377	424
377	439
377	442
377	447
377	459
377	464
377	466
377	467
377	480
377	483
378	38
378	97
378	99
378	159
378	178
378	203
378	269
378	277
378	286
378	335
378	340
378	393
378	429
379	83
379	172
379	199
379	207
379	235
379	238
379	317
379	322
379	328
379	349
379	354
379	363
379	430
379	435
380	21
380	68
380	165
380	180
380	205
380	241
380	275
380	314
380	334
380	357
380	370
380	401
380	417
381	5
381	82
381	118
381	131
381	245
381	260
381	265
381	270
381	289
381	396
381	403
381	434
381	438
382	20
382	218
382	295
382	309
382	313
382	330
382	374
382	376
382	456
382	460
382	461
382	463
382	469
382	471
382	472
382	478
382	487
383	240
383	294
383	368
383	394
383	405
383	411
383	426
383	427
383	449
383	450
383	455
383	476
383	488
383	489
383	491
383	493
384	32
384	44
384	86
384	108
384	190
384	196
384	252
384	262
384	371
384	440
384	446
384	453
384	457
385	7
385	137
385	155
385	171
385	210
385	321
385	355
385	366
385	414
385	423
385	431
385	436
385	441
385	451
385	452
385	477
385	481
385	482
385	486
386	215
386	294
386	329
386	368
386	372
386	394
386	405
386	411
386	426
386	427
386	450
386	455
386	476
386	488
386	489
386	491
386	493
387	8
387	60
387	112
387	143
387	302
387	306
387	308
387	313
387	346
387	376
387	382
387	421
387	460
387	461
387	465
387	469
387	472
387	475
387	478
387	487
388	41
388	130
388	143
388	198
388	246
388	295
388	308
388	330
388	387
388	421
388	456
388	460
388	461
388	463
388	465
388	469
388	471
388	472
388	475
388	478
388	487
389	108
389	161
389	162
389	201
389	203
389	251
389	271
389	336
389	340
389	378
389	388
389	429
389	466
390	100
390	195
390	298
390	307
390	350
390	353
390	358
390	392
390	400
390	442
390	444
390	447
390	459
390	466
390	467
390	480
390	483
391	51
391	181
391	208
391	333
391	359
391	365
391	470
391	473
391	484
391	485
391	490
391	492
391	494
391	495
391	496
391	497
391	498
391	499
391	500
392	12
392	79
392	111
392	226
392	281
392	298
392	369
392	390
392	418
392	424
392	439
392	442
392	447
392	459
392	464
392	466
392	467
392	480
392	483
393	35
393	52
393	102
393	161
393	176
393	206
393	216
393	300
393	343
393	398
393	415
393	419
393	420
394	37
394	107
394	151
394	188
394	255
394	329
394	352
394	372
394	386
394	405
394	411
394	427
394	450
394	455
394	476
394	488
394	489
394	491
394	493
395	103
395	148
395	254
395	256
395	277
395	288
395	315
395	316
395	327
395	362
395	391
395	404
395	407
396	61
396	73
396	82
396	131
396	245
396	258
396	260
396	320
396	348
396	373
396	381
396	403
396	434
396	438
397	36
397	248
397	273
397	283
397	365
397	408
397	413
397	462
397	470
397	473
397	479
397	484
397	485
397	490
397	492
397	494
397	496
397	497
397	498
397	499
397	500
398	34
398	54
398	91
398	164
398	179
398	249
398	343
398	379
398	393
398	409
398	410
398	415
398	477
399	22
399	53
399	146
399	210
399	237
399	293
399	367
399	385
399	423
399	431
399	441
399	443
399	452
399	458
399	477
399	481
399	482
399	486
400	12
400	219
400	242
400	266
400	307
400	358
400	377
400	390
400	418
400	442
400	444
400	447
400	464
400	466
400	467
400	480
400	483
401	21
401	55
401	136
401	205
401	211
401	213
401	241
401	292
401	315
401	325
401	334
401	357
401	380
401	412
401	417
402	20
402	129
402	132
402	191
402	295
402	308
402	309
402	346
402	376
402	421
402	456
402	460
402	461
402	463
402	465
402	469
402	472
402	475
402	487
403	66
403	94
403	113
403	126
403	258
403	289
403	340
403	345
403	372
403	434
403	438
403	443
403	465
404	103
404	138
404	148
404	254
404	256
404	279
404	316
404	324
404	331
404	337
404	341
404	395
404	407
404	422
404	425
405	6
405	37
405	39
405	125
405	228
405	240
405	282
405	310
405	386
405	411
405	449
405	450
405	455
405	476
405	488
405	489
405	491
405	493
406	57
406	189
406	202
406	311
406	355
406	366
406	367
406	399
406	414
406	431
406	441
406	443
406	451
406	452
406	458
406	477
406	482
406	486
407	127
407	312
407	316
407	324
407	327
407	331
407	337
407	339
407	341
407	362
407	404
407	422
407	425
408	157
408	214
408	248
408	332
408	391
408	462
408	470
408	473
408	479
408	484
408	485
408	490
408	492
408	494
408	495
408	496
408	497
408	498
408	499
408	500
409	35
409	76
409	140
409	224
409	249
409	319
409	343
409	398
409	415
409	419
409	420
409	488
409	500
410	19
410	159
410	178
410	199
410	222
410	235
410	247
410	349
410	354
410	363
410	379
410	430
410	435
411	9
411	70
411	167
411	255
411	336
411	368
411	383
411	386
411	394
411	426
411	449
411	455
411	488
411	489
411	491
411	493
412	75
412	114
412	128
412	205
412	211
412	241
412	276
412	314
412	357
412	370
412	380
412	401
412	417
413	36
413	115
413	248
413	272
413	283
413	332
413	391
413	408
413	470
413	479
413	484
413	490
413	492
413	495
413	497
413	498
413	499
413	500
414	237
414	239
414	355
414	366
414	399
414	406
414	431
414	436
414	441
414	443
414	451
414	458
414	477
414	481
414	482
414	486
415	52
415	54
415	102
415	161
415	206
415	319
415	343
415	375
415	393
415	398
415	409
415	419
415	420
416	15
416	147
416	163
416	209
416	229
416	268
416	304
416	347
416	428
416	432
416	437
416	445
416	448
416	468
416	474
417	55
417	68
417	114
417	133
417	136
417	180
417	211
417	213
417	325
417	380
417	401
417	412
417	494
418	195
418	226
418	227
418	242
418	280
418	281
418	307
418	377
418	400
418	424
418	439
418	444
418	447
418	459
418	464
418	466
418	467
418	480
418	483
419	34
419	52
419	91
419	140
419	161
419	176
419	216
419	290
419	300
419	343
419	375
419	393
419	409
419	415
419	420
420	76
420	89
420	140
420	164
420	179
420	206
420	224
420	290
420	300
420	319
420	375
420	393
420	398
420	409
421	243
421	302
421	330
421	346
421	382
421	387
421	388
421	456
421	460
421	461
421	463
421	465
421	469
421	471
421	472
421	475
421	478
421	487
422	17
422	28
422	138
422	141
422	170
422	173
422	256
422	279
422	312
422	316
422	327
422	339
422	341
422	362
422	395
422	425
423	88
423	126
423	154
423	155
423	171
423	236
423	237
423	344
423	385
423	406
423	414
423	443
423	451
423	458
423	477
423	481
423	482
424	98
424	110
424	150
424	242
424	285
424	358
424	369
424	418
424	439
424	442
424	444
424	447
424	459
424	464
424	466
424	467
424	480
424	483
425	4
425	28
425	85
425	127
425	175
425	254
425	258
425	288
425	316
425	324
425	337
425	341
425	422
426	9
426	81
426	107
426	166
426	167
426	215
426	310
426	329
426	336
426	352
426	372
426	383
426	386
426	405
426	488
426	489
426	493
427	37
427	116
427	151
427	267
427	368
427	372
427	405
427	411
427	426
427	449
427	450
427	455
427	476
427	488
427	489
427	491
427	493
428	56
428	156
428	192
428	200
428	259
428	347
428	364
428	416
428	437
428	445
428	448
428	454
428	468
428	474
429	10
429	42
429	108
429	184
429	201
429	203
429	251
429	257
429	274
429	277
429	338
429	378
429	389
430	172
430	175
430	183
430	193
430	238
430	328
430	349
430	354
430	360
430	361
430	363
430	379
430	435
431	26
431	53
431	80
431	237
431	323
431	366
431	367
431	385
431	399
431	406
431	423
431	441
431	443
431	451
431	452
431	477
431	481
431	482
431	486
432	56
432	58
432	84
432	134
432	152
432	156
432	230
432	233
432	263
432	326
432	347
432	445
432	448
432	454
432	468
432	474
433	13
433	27
433	65
433	92
433	220
433	223
433	262
433	264
433	297
433	342
433	371
433	384
433	453
433	457
434	25
434	31
434	66
434	85
434	109
434	177
434	260
434	270
434	301
434	396
434	403
434	438
434	455
435	175
435	183
435	199
435	207
435	235
435	238
435	247
435	291
435	322
435	354
435	361
435	379
435	430
436	88
436	126
436	146
436	155
436	321
436	344
436	355
436	367
436	385
436	414
436	441
436	443
436	452
436	458
436	482
436	486
437	72
437	113
437	192
437	233
437	268
437	304
437	326
437	364
437	416
437	428
437	432
437	445
437	454
437	468
437	474
438	1
438	25
438	31
438	109
438	118
438	131
438	245
438	265
438	270
438	287
438	289
438	373
438	381
438	396
438	403
438	434
439	79
439	226
439	227
439	242
439	281
439	285
439	369
439	392
439	400
439	418
439	424
439	444
439	459
439	464
439	466
439	467
439	480
439	483
440	44
440	65
440	87
440	231
440	262
440	269
440	318
440	342
440	356
440	384
440	433
440	446
440	453
440	457
441	7
441	11
441	146
441	154
441	169
441	244
441	293
441	366
441	367
441	385
441	423
441	431
441	452
441	458
441	477
441	481
441	482
441	486
442	3
442	30
442	100
442	150
442	195
442	227
442	242
442	266
442	281
442	358
442	377
442	390
442	392
442	400
442	439
442	444
442	447
442	459
442	464
442	466
442	467
442	480
442	483
443	80
443	171
443	189
443	210
443	236
443	293
443	321
443	366
443	385
443	406
443	423
443	431
443	436
443	451
443	458
443	481
443	486
444	98
444	104
444	195
444	307
444	350
444	358
444	369
444	377
444	418
444	424
444	439
444	442
444	447
444	459
444	464
444	466
444	467
444	480
444	483
445	15
445	71
445	113
445	134
445	229
445	259
445	268
445	364
445	432
445	437
445	448
445	454
445	468
445	474
446	13
446	93
446	139
446	186
446	190
446	225
446	231
446	234
446	284
446	318
446	342
446	356
446	433
446	453
446	457
447	50
447	219
447	285
447	298
447	369
447	390
447	392
447	400
447	418
447	439
447	442
447	459
447	464
447	466
447	467
447	480
447	483
448	15
448	72
448	113
448	200
448	209
448	278
448	304
448	326
448	364
448	416
448	428
448	432
448	445
448	454
448	474
449	125
449	228
449	296
449	310
449	329
449	352
449	372
449	383
449	386
449	426
449	427
449	450
449	455
449	476
449	488
449	489
449	491
449	493
450	9
450	37
450	145
450	232
450	329
450	368
450	383
450	394
450	426
450	427
450	449
450	455
450	476
450	489
450	491
450	493
451	7
451	24
451	155
451	236
451	239
451	244
451	321
451	366
451	414
451	431
451	436
451	441
451	452
451	477
451	481
451	482
451	486
452	22
452	24
452	355
452	385
452	399
452	406
452	414
452	436
452	441
452	443
452	451
452	458
452	477
452	481
452	482
452	486
453	13
453	86
453	186
453	190
453	196
453	234
453	284
453	342
453	371
453	384
453	433
453	440
453	457
454	43
454	58
454	71
454	96
454	152
454	156
454	163
454	259
454	364
454	428
454	432
454	437
454	445
454	448
454	468
454	474
455	39
455	116
455	125
455	166
455	255
455	296
455	310
455	383
455	411
455	426
455	449
455	450
455	488
455	489
455	491
455	493
456	112
456	132
456	246
456	302
456	309
456	374
456	382
456	387
456	388
456	402
456	421
456	460
456	461
456	463
456	465
456	472
456	475
456	478
456	487
457	86
457	139
457	196
457	220
457	223
457	225
457	262
457	284
457	342
457	371
457	384
457	433
457	440
457	446
457	453
458	24
458	154
458	311
458	323
458	355
458	399
458	431
458	436
458	441
458	443
458	451
458	452
458	477
458	481
458	482
458	486
459	104
459	281
459	285
459	353
459	377
459	400
459	418
459	424
459	439
459	442
459	444
459	447
459	464
459	466
459	480
459	483
460	191
460	243
460	302
460	330
460	374
460	376
460	387
460	402
460	421
460	456
460	461
460	463
460	465
460	469
460	471
460	472
460	475
460	478
460	487
461	8
461	129
461	218
461	246
461	250
461	295
461	302
461	346
461	382
461	387
461	402
461	463
461	465
461	471
461	475
461	478
461	487
462	149
462	158
462	248
462	253
462	299
462	333
462	359
462	397
462	408
462	413
462	473
462	479
462	484
462	485
462	490
462	494
462	495
462	496
462	497
462	498
462	499
462	500
463	112
463	124
463	191
463	198
463	295
463	309
463	313
463	346
463	374
463	388
463	402
463	421
463	460
463	469
463	471
463	475
463	478
463	487
464	50
464	98
464	150
464	227
464	242
464	298
464	358
464	369
464	390
464	392
464	400
464	418
464	439
464	442
464	444
464	447
464	459
464	466
464	467
464	480
464	483
465	143
465	177
465	218
465	243
465	295
465	303
465	308
465	330
465	346
465	382
465	387
465	421
465	456
465	460
465	463
465	469
465	475
465	478
465	487
466	47
466	111
466	226
466	280
466	281
466	285
466	358
466	377
466	392
466	418
466	424
466	439
466	442
466	444
466	447
466	459
466	464
466	467
466	480
466	483
467	3
467	98
467	150
467	227
467	280
467	353
467	358
467	377
467	400
467	418
467	424
467	444
467	447
467	459
467	464
467	466
467	480
467	483
468	56
468	72
468	156
468	174
468	200
468	229
468	278
468	326
468	416
468	428
468	437
468	445
468	474
469	20
469	129
469	177
469	246
469	295
469	313
469	330
469	376
469	388
469	402
469	421
469	456
469	463
469	465
469	472
469	487
470	45
470	121
470	149
470	157
470	187
470	212
470	217
470	253
470	273
470	283
470	332
470	359
470	365
470	397
470	413
470	473
470	479
470	484
470	485
470	490
470	492
470	494
470	495
470	496
470	497
470	498
470	499
470	500
471	23
471	177
471	218
471	246
471	295
471	302
471	308
471	382
471	387
471	402
471	421
471	456
471	460
471	461
471	465
471	478
471	487
472	23
472	60
472	106
472	124
472	198
472	218
472	243
472	303
472	308
472	376
472	382
472	387
472	421
472	456
472	460
472	463
472	469
472	475
472	487
473	185
473	212
473	217
473	272
473	333
473	391
473	413
473	462
473	479
473	484
473	485
473	490
473	492
473	494
473	495
473	496
473	497
473	498
473	499
473	500
474	71
474	78
474	134
474	152
474	209
474	230
474	278
474	304
474	347
474	416
474	432
474	437
474	448
474	454
474	468
475	8
475	23
475	177
475	243
475	250
475	306
475	308
475	374
475	376
475	387
475	388
475	460
475	461
475	465
475	469
475	471
475	472
475	478
476	6
476	37
476	145
476	151
476	232
476	267
476	372
476	383
476	394
476	405
476	426
476	449
476	455
476	488
476	489
476	491
476	493
477	80
477	137
477	202
477	236
477	244
477	311
477	355
477	399
477	406
477	414
477	431
477	436
477	441
477	452
477	458
477	481
477	482
477	486
478	20
478	23
478	106
478	124
478	132
478	198
478	295
478	308
478	387
478	402
478	460
478	461
478	463
478	469
478	471
478	472
478	487
479	29
479	36
479	45
479	115
479	149
479	181
479	248
479	283
479	299
479	332
479	397
479	413
479	470
479	473
479	485
479	490
479	492
479	494
479	495
479	496
479	497
479	498
479	499
479	500
480	30
480	98
480	100
480	110
480	111
480	150
480	195
480	298
480	307
480	350
480	353
480	369
480	392
480	400
480	439
480	442
480	459
480	464
480	466
480	467
480	483
481	88
481	169
481	202
481	239
481	244
481	323
481	385
481	414
481	423
481	436
481	443
481	451
481	452
481	458
481	477
481	482
481	486
482	7
482	26
482	57
482	88
482	126
482	169
482	171
482	244
482	323
482	344
482	367
482	406
482	431
482	436
482	441
482	443
482	452
482	477
482	481
483	3
483	50
483	79
483	104
483	111
483	150
483	226
483	280
483	285
483	307
483	377
483	392
483	418
483	439
483	442
483	444
483	467
483	480
484	69
484	158
484	197
484	299
484	359
484	365
484	408
484	462
484	470
484	473
484	479
484	485
484	490
484	494
484	495
484	496
484	497
484	498
484	499
484	500
485	51
485	69
485	149
485	204
485	217
485	283
485	305
485	333
485	397
485	470
485	473
485	484
485	490
485	492
485	494
485	495
485	496
485	497
485	498
485	499
485	500
486	7
486	24
486	57
486	154
486	321
486	344
486	355
486	385
486	406
486	414
486	431
486	436
486	441
486	451
486	458
486	477
486	481
486	482
487	8
487	23
487	191
487	218
487	246
487	250
487	303
487	309
487	382
487	388
487	402
487	456
487	460
487	463
487	465
487	469
487	471
487	472
487	475
487	478
488	33
488	70
488	81
488	107
488	240
488	267
488	352
488	372
488	386
488	405
488	426
488	427
488	449
488	476
488	489
488	491
488	493
489	6
489	9
489	145
489	167
489	215
489	232
489	240
489	282
489	294
489	296
489	336
489	383
489	411
489	426
489	449
489	488
489	491
489	493
490	29
490	36
490	51
490	149
490	181
490	185
490	208
490	217
490	272
490	283
490	305
490	332
490	359
490	365
490	397
490	408
490	413
490	462
490	470
490	479
490	484
490	485
490	494
490	495
490	496
490	497
490	498
490	499
490	500
491	64
491	145
491	282
491	294
491	336
491	368
491	386
491	394
491	411
491	426
491	427
491	449
491	450
491	455
491	476
491	488
491	489
491	493
492	101
492	153
492	197
492	204
492	212
492	214
492	272
492	273
492	333
492	359
492	391
492	408
492	413
492	462
492	470
492	473
492	485
492	490
492	494
492	496
492	497
492	498
492	499
492	500
493	70
493	107
493	117
493	125
493	166
493	232
493	255
493	282
493	294
493	352
493	386
493	394
493	405
493	411
493	450
493	476
493	488
493	489
493	491
494	149
494	157
494	182
494	187
494	214
494	305
494	365
494	397
494	413
494	462
494	470
494	473
494	479
494	484
494	485
494	490
494	492
494	495
494	496
494	497
494	498
494	499
495	69
495	101
495	121
495	153
495	158
495	185
495	187
495	204
495	208
495	253
495	273
495	283
495	408
495	462
495	470
495	473
495	479
495	484
495	492
495	496
495	497
495	498
495	499
495	500
496	45
496	115
496	121
496	208
496	283
496	299
496	333
496	365
496	413
496	470
496	473
496	484
496	485
496	490
496	492
496	494
496	495
496	497
496	498
496	499
497	69
497	157
497	187
497	204
497	214
497	248
497	273
497	283
497	332
497	365
497	391
497	408
497	462
497	473
497	484
497	485
497	492
497	494
497	495
497	496
497	498
497	499
497	500
498	29
498	272
498	359
498	391
498	397
498	408
498	473
498	479
498	484
498	485
498	490
498	492
498	494
498	495
498	496
498	497
498	499
498	500
499	115
499	149
499	182
499	185
499	208
499	253
499	272
499	273
499	365
499	462
499	470
499	479
499	485
499	492
499	494
499	495
499	496
499	497
499	500
500	45
500	115
500	153
500	181
500	214
500	248
500	272
500	333
500	359
500	408
500	470
500	479
500	490
500	492
500	494
500	495
500	496
500	497
500	499
