4
1000000
2000000
3000000
4000000
5000000
6000000
7000000
1846229
1928303
1837923
1988140
1.07740320768 61875.8944839 0.0325637108589 258514.602543 1.50906762718 223606 184567 1988140 1900148
8
1000000
2000000
3000000
4000000
5000000
6000000
7000000
889529
878307
892852
1254033
885107
898528
998866
903373
1.13526699065 120374.921676 0.126700524552 213185.096281 2.48891725442 118206 97239 1254033 950074
10
1000000
2000000
3000000
4000000
5000000
6000000
7000000
676647
812068
1149468
774020
676660
728805
676656
677021
752601
676649
1.15702464866 137946.802086 0.181494740986 196436.025333 2.86671665475 108338 79282 1149468 760059
16
1000000
2000000
3000000
4000000
5000000
6000000
7000000
408992
811927
442166
492013
400831
406821
567401
400610
400899
400476
560833
536618
411196
530021
428767
401024
1.18757935292 106178.6969 0.22351659974 161326.238699 3.76693930387 74892 50860 811927 475037
30
1000000
2000000
3000000
4000000
5000000
6000000
7000000
398645
811998
389664
164670
165598
240134
172972
177987
165827
164568
394191
407997
166623
213606
184782
186856
180443
407310
200484
165459
278867
165624
165462
170529
201314
316498
201421
164554
164493
412019
1.22148767567 137839.914515 0.544062331365 121207.999329 5.30659775531 47750 27900 811998 253353
32
1000000
2000000
3000000
4000000
5000000
6000000
7000000
328218
812086
154654
229979
387809
160675
171041
155773
158006
390570
205733
154116
407694
154471
338559
162679
153611
239266
397541
154245
231907
234222
221787
153872
302008
157175
154122
154369
181744
153703
154131
184829
1.23334646761 132932.242063 0.559670887085 117720.013586 5.49748323152 49718 26410 812086 237518
60
1000000
2000000
3000000
4000000
5000000
6000000
7000000
335408
812128
61246
103575
63191
61313
363452
138898
102126
234355
72246
182696
64169
128418
63149
154216
73035
177075
62765
76683
61238
67463
256386
75647
357976
204546
61412
62930
63001
362614
62930
77531
62960
62118
112021
182696
334356
61326
65255
68696
62517
64865
230620
70011
61691
61227
120530
86003
88220
63278
71925
61527
78716
62919
68542
73733
78466
61728
62935
77896
1.25292529516 123800.27106 0.977294049165 87258.6396721 7.64052709356 47748 14309 812128 126676
64
1000000
2000000
3000000
4000000
5000000
6000000
7000000
333821
812140
55966
69270
74330
57342
367486
109202
56920
75300
60703
57800
64249
57156
56323
203566
57791
55880
82105
178421
55841
55907
57787
55853
317458
64290
55841
55839
56099
236960
231492
58013
356875
79200
57812
56318
56455
65254
57685
99415
68683
58891
56749
70938
64225
191492
101565
55877
116175
70827
357071
63947
114480
79766
68316
56061
56960
61468
356532
57858
56047
59504
123849
217149
1.25338207609 125042.225345 1.05290472944 84657.7786171 7.90697697342 47749 13419 812140 118759
120
1000000
2000000
3000000
4000000
5000000
6000000
7000000
321534
812158
22404
32067
23222
24222
57020
26754
202926
22572
22582
21797
63906
67949
29041
21620
48581
36664
22611
21620
30556
54436
39886
54727
354039
35625
23219
22176
35379
28702
24432
45759
73397
46685
238215
21864
34216
41269
23649
22132
27762
170146
45930
21964
33459
26463
56225
21690
44078
22575
21621
21931
50346
22818
32433
21620
22570
24946
87929
29482
51387
21615
51567
22869
21797
352668
27484
49853
22572
26966
228152
42209
74395
27032
40083
108309
22032
40009
21865
23888
32034
334229
22759
161672
42274
22571
21645
55420
243134
22009
24564
24711
24680
21604
22156
43939
24157
24666
26768
22089
43836
22191
22590
21754
52387
22310
21669
22034
22581
25075
22579
21779
74269
313308
43081
22575
309553
22174
21695
21721
1.26524962421 101971.733462 1.60995395959 62367.3834673 10.9220057734 47748 7224 812158 63338
128
1000000
2000000
3000000
4000000
5000000
6000000
7000000
328280
812154
72973
20145
22856
24738
50273
23643
19627
23066
26946
54110
63899
20259
29032
40511
42268
22491
20573
22668
311332
54534
20156
27904
235113
27620
23515
20234
160470
27220
19602
26408
22070
19679
20210
37352
64612
25905
19532
21275
46586
19802
21279
22400
67487
23826
58158
22480
44040
21282
20132
32511
25534
31662
23816
19534
21301
39454
92451
21284
51265
19590
19576
19523
24907
352608
23023
19527
25132
28019
20098
76891
20520
23945
21273
26123
23487
19517
19533
38289
30989
20881
105821
337362
22124
21278
309788
52038
20540
22786
39144
21345
19593
45769
54158
43224
23570
21288
23514
19551
24871
42365
19582
20397
49800
19521
19644
40951
60972
25828
227529
355535
20661
168900
19555
27970
22332
53257
19540
229887
203566
19517
51832
19848
22098
20453
45508
20793
1.26443238037 99645.4451457 1.67810769797 60427.0842224 11.2876943223 47748 6768 812154 59379
250
1000000
2000000
3000000
4000000
5000000
6000000
7000000
327714
812182
7135
7496
7155
7590
41145
18926
7547
7986
7181
12666
63906
8114
29007
164524
9115
7145
7585
7227
10271
54430
154479
39485
7155
7388
17276
7281
7373
17918
11228
26221
20557
7136
27595
7308
7139
11368
7148
7133
9059
7311
65515
42863
7615
13382
42393
23690
50997
16389
7137
7292
10085
15761
12445
9447
9640
7967
90313
7144
52388
17777
37982
7138
24315
351679
12736
10380
39646
17322
10918
7492
7424
13196
8076
7318
8725
55298
7150
330902
57910
12189
15397
8652
44100
11428
12366
8460
9057
7181
7170
7242
103511
7759
38245
43238
9187
7813
7223
9052
7165
7841
9062
305934
52422
8381
9064
7130
11087
7654
9065
11214
7141
7237
14585
8324
7131
7845
9513
7131
7291
7750
228837
8270
41788
8073
8859
22594
7237
60482
7140
12330
7177
17666
7225
7249
7133
8057
10748
9792
7510
7222
13736
7549
9070
37764
45502
12010
8788
8469
7132
9497
29010
7131
7604
10985
7265
7263
7641
145722
353010
7140
10419
232817
235672
200709
8014
72885
8269
10074
165600
22379
9460
7145
9354
26111
7143
9627
7585
9379
7181
10191
9385
7430
7144
7357
9427
7763
7139
47306
10524
9055
9456
8222
7167
32441
7729
7184
7516
7897
8958
7131
7273
45437
8064
10189
7759
7138
7131
8496
10205
38062
7140
7185
8951
22920
7848
16220
8978
20454
15126
12606
20455
13550
8159
7165
7141
10911
8235
14648
38172
8879
9487
18309
11573
10183
8765
7822
8928
8037
17768
8016
7302
10300
14556
14553
10287
12943
7519
7139
1.27289669162 74770.4792624 2.45936269668 43413.3989355 15.8389879805 47751 3488 812182 30402
256
1000000
2000000
3000000
4000000
5000000
6000000
7000000
327718
812187
165732
8495
7031
6962
44682
17342
32034
14023
10035
11542
63910
7499
29046
306856
8755
10372
7266
7584
6976
54517
22018
6915
10990
9668
17003
23484
8020
18435
6961
25993
20385
6912
8503
7630
7080
6912
7303
8748
13253
50170
9300
7587
10053
13289
55116
23233
44027
16519
6977
7017
10451
7798
12086
7049
9163
6986
87671
8759
51139
16319
7627
7007
37913
351686
13438
7211
11963
12466
8749
7248
38924
10007
7255
6921
7251
8752
9163
6923
37804
25864
12175
7314
157921
6912
56785
6951
9057
22294
6957
14335
7461
15516
17062
43253
6916
7028
12793
7826
6930
8759
7886
6954
57873
6919
7572
8039
12489
12361
8753
7225
7415
11846
7739
6913
6922
7589
8764
7044
10979
6920
46864
8914
11142
10182
35513
8773
7522
6924
7270
10280
9658
7078
6926
38595
10856
6989
12234
8848
11665
10811
6929
6960
6925
8868
9481
7382
37943
6914
25882
9630
7074
72926
6919
6961
33821
7737
15904
7045
353052
6933
7418
232817
235672
200709
18202
8716
10826
18069
9121
28254
7342
66353
10526
7298
11330
7391
7058
37602
7035
8121
10533
36995
7928
45437
100612
16367
6952
10904
9948
7545
20405
6923
6912
11072
6922
19644
8117
7150
7270
6934
220342
43042
7003
6923
7105
7698
16923
6914
7618
20195
8746
6926
9207
8656
11272
7502
22674
9162
15691
8804
6923
306044
8242
7092
6928
7191
6926
17127
9603
7248
8399
14412
7555
9717
7584
6977
9115
9501
7069
7023
8245
9332
8423
36501
45542
7056
332201
7510
7802
6915
27594
7637
13956
7937
1.27245450433 75095.7529622 2.52934313147 42950.4821706 16.0461792912 47752 3405 812187 29689
500
1000000
2000000
3000000
4000000
5000000
6000000
7000000
327565
812181
12227
36950
2490
2735
34415
12275
2940
152267
11768
15946
63913
2558
29024
145157
4456
2492
2986
3135
4356
54435
2496
15050
3658
37136
16449
2483
2494
15501
2490
26058
18610
2964
2450
3323
2776
5800
2681
9025
2887
4086
33994
2470
5116
10029
42110
16153
43651
16423
6742
5635
14586
3847
7284
4953
9367
2635
87638
2564
51149
16131
2464
2505
3015
351285
10503
6067
5463
9954
3003
2599
2528
2493
6085
2486
4370
3312
3940
21917
36313
9881
2467
2467
6292
2958
2563
6951
9057
4505
3053
4117
14291
2468
2851
43252
5436
4851
2469
14051
2473
13708
2626
3016
53894
3532
4401
2867
2888
2469
2526
2903
2492
5878
6115
2444
2555
2465
2474
5087
3941
2608
2889
2899
2606
5696
2760
2467
2445
2467
2551
2476
2528
2559
2743
4455
3742
4671
4318
3715
329522
2501
2902
17625
2467
5005
2486
4026
6483
2619
25048
3257
4456
4089
2555
3022
2858
3460
4089
166407
352722
3429
4860
232817
235672
200709
5087
2484
2468
3410
34091
3181
6977
3244
3635
2675
2585
19440
3281
2556
5658
25424
3180
2731
2473
2679
2445
4086
36699
2467
3923
9446
10933
4173
2816
2826
3314
2460
3393
12608
2951
2647
2445
4220
2466
3966
3016
3319
21898
4042
4088
2854
17388
2469
2700
2580
8688
2468
220077
2568
2556
2512
2853
6004
4196
7628
2497
2788
2485
3488
10961
3203
2476
2676
2489
3226
3587
2464
4090
26866
3289
2467
6781
2685
2467
2561
2582
3474
3185
3555
3062
4088
2472
2646
2682
2544
2500
38328
6197
4709
2661
3338
12367
2527
18510
4925
4613
3012
5007
2988
3764
2802
2615
2651
2468
2922
3714
2604
3290
11981
3432
5554
4347
6672
3211
6857
10620
2844
4700
4021
4072
2615
10522
2455
2466
2950
5518
2475
13559
3181
98605
2469
2590
2464
2603
30267
2500
2497
3385
2645
16270
2539
66508
5912
2475
6126
4072
2565
5489
41613
2552
2443
3072
3006
2488
4375
5183
60422
2728
2681
7665
2604
2783
5124
3335
42038
6071
3604
2644
2515
2502
2658
3059
2566
2931
2545
2841
2735
3282
6411
6201
2467
302917
16380
3335
2609
3220
3860
2680
4624
6583
39456
3369
2441
3602
8833
2476
2467
2437
3310
2466
55338
2986
8746
2983
2973
14077
2467
2467
72848
3127
5215
2492
4254
2785
2465
17567
2621
2514
3953
4555
4070
10650
2914
3670
2886
3455
10015
6270
2440
3106
2620
2449
2510
2446
3634
8676
2481
3654
2577
37267
2524
2475
2455
2570
5047
2495
45430
2728
3156
4081
2566
2702
5060
2960
6555
164317
2463
4016
37411
2493
11016
2459
2543
5754
2560
4366
2726
5101
3214
3043
5736
5853
4964
5798
2453
2897
2453
10025
3752
2875
3902
4098
3943
2469
2905
2478
3300
2435
36494
2602
2469
2560
2789
10761
3167
3614
4828
3006
2867
3922
3642
5501
4627
2654
6626
3127
2448
3296
8200
2467
8108
29457
2883
2467
4911
2472
2563
2966
6754
11477
5968
2475
2942
2464
3023
3230
2608
2741
2655
1.27810078368 54603.4947642 3.59205396184 30784.2182256 22.4626900644 47753 1751 812181 15201
512
1000000
2000000
3000000
4000000
5000000
6000000
7000000
327546
812172
2507
2490
2385
2679
34473
10879
4097
2546
2380
11540
63915
3983
29025
164114
5494
2449
2500
2371
4267
54431
3554
2371
3552
42030
16319
14965
3000
16683
6969
26651
18720
2367
2397
5848
2905
2848
2923
3160
2392
2752
2378
2577
2438
10552
42099
16305
43656
16378
6748
4882
15822
3374
7358
2379
7990
2409
87652
2374
51127
15973
2968
14985
6294
351256
9750
5945
2432
9427
5721
98365
3122
2384
4570
2822
5942
13020
12311
2464
36446
3072
2380
4981
13985
3035
2367
6951
9057
4505
3193
2627
2554
2508
2444
43250
2546
7440
2502
4068
2396
6297
2389
2375
59468
2369
4388
2926
2449
3373
5746
2443
2381
6623
2349
37372
3014
12313
2524
2405
2375
2374
2384
3783
2923
9254
4655
2477
4777
10807
2825
3562
5782
4078
2378
2473
3130
2997
13218
4710
39246
2369
3012
5633
2503
5072
6391
4813
2356
3941
39233
2370
4301
3824
2420
6679
2381
4670
2385
147644
352692
3624
2383
232817
235672
200709
2621
2973
3587
3903
3524
2525
2468
3698
3607
2629
2410
4364
2381
3256
329262
2424
2474
4067
4946
31836
2680
6329
8235
3235
2554
10286
5047
2396
4182
2719
2400
24005
37120
5087
2459
10976
2381
2373
21898
4643
3385
2376
3094
2575
2788
2401
3347
2508
5076
5575
3348
2416
2546
4287
3158
2373
2487
3521
3918
2382
3592
3910
4523
2645
21399
2374
4636
4265
2814
5593
2395
3017
2371
10209
2693
2820
2808
2409
3389
6327
3717
19796
2368
5025
2351
2369
2892
4894
4062
3083
8686
66535
4049
2718
2732
4178
12367
2445
12409
2379
3650
9536
2464
11097
2410
5891
3473
2468
57288
10390
2377
2746
2498
2617
4057
3445
2395
3602
6312
2368
2372
2654
2533
2733
2350
3968
3016
2391
3852
2497
3408
2351
2750
6362
2394
2374
3216
10503
26354
3188
2599
4196
2903
4070
3682
2375
5452
2369
10253
6155
3101
6549
5490
2929
2601
10626
2423
4336
9433
2475
3113
2371
4070
3215
3849
17980
2385
4774
2374
3650
2878
5834
3964
2603
4812
3050
2658
4886
2812
6056
36890
2525
2762
2458
2933
2713
36690
18996
2366
2517
2359
5838
6261
2441
2379
2398
2800
2794
2370
2352
2617
164306
2372
3644
18465
12189
44595
2894
2983
2487
2372
2592
7992
72849
2452
2733
2921
2369
2396
2475
3318
2470
2364
2507
4560
3875
6889
29383
28748
2404
2800
9946
2717
2438
3111
19522
220130
2985
2606
2404
2349
2359
4075
2645
34454
2380
5052
3538
3883
4910
7236
45430
2353
3232
5679
2792
2351
2630
3264
41445
302840
2350
6182
4067
3822
14036
3058
2396
5407
2434
4068
2369
5492
2398
2379
2348
6921
2372
6077
6142
152262
2574
2366
2507
3087
2370
2464
2512
2376
2524
2764
5146
2584
37087
2353
3273
5963
2380
10758
2462
2584
2967
5539
2399
2607
2845
2798
3208
3215
2924
5273
2346
2372
12160
3197
2432
5722
4504
53243
9440
2466
4167
2370
3766
6693
3177
2347
3182
7641
2568
2346
3011
2602
3224
2437
3287
26805
2481
3165
2357
3320
2366
3688
2908
2548
4172
1.2783109321 54005.9555007 3.63801113154 30423.452919 22.7322328189 47753 1710 812172 14844
14779.4010849
